656 1711041949 114892,200000 -1,000000 -101,000000 0,000000 0,000000
656 1711041950 114892,200000 -1,000000 -101,000000 0,000000 0,000000
656 1711041951 114892,200000 -1,000000 -101,000000 0,000000 0,000000
656 1711041952 114892,200000 -1,000000 -101,000000 0,000000 0,000000
656 1711041953 114892,200000 -1,000000 -101,000000 0,000000 0,000000
656 1711041954 114394,200000 -1,000000 -101,000000 0,000000 0,000000
656 1711041955 114394,200000 -1,000000 -101,000000 0,000000 0,000000
656 1711041956 114394,200000 -1,000000 -101,000000 0,000000 0,000000
656 1711041957 114394,200000 -1,000000 -101,000000 0,000000 0,000000
656 1711041958 114394,200000 -1,000000 -101,000000 0,000000 0,000000
656 1711041959 116416,800000 -1,000000 -101,000000 0,000000 0,000000
656 1711041960 116416,800000 -1,000000 -101,000000 0,000000 0,000000
656 1711041961 116416,800000 -1,000000 -101,000000 0,000000 0,000000
656 1711041962 116416,800000 -1,000000 -101,000000 0,000000 0,000000
656 1711041963 116416,800000 -1,000000 -101,000000 0,000000 0,000000
656 1711041964 115230,000000 -1,000000 -101,000000 0,000000 0,000000
656 1711041965 115230,000000 -1,000000 -101,000000 0,000000 0,000000
656 1711041966 115230,000000 -1,000000 -101,000000 0,000000 0,000000
656 1711041967 115230,000000 -1,000000 -101,000000 0,000000 0,000000
656 1711041968 115230,000000 -1,000000 -101,000000 0,000000 0,000000
656 1711041969 3979,200000 -1,000000 -101,000000 0,000000 0,000000
656 1711041970 3979,200000 -1,000000 -101,000000 0,000000 0,000000
656 1711041971 3979,200000 -1,000000 -101,000000 0,000000 0,000000
656 1711041972 3979,200000 -1,000000 -101,000000 0,000000 0,000000
656 1711041973 3979,200000 -1,000000 -101,000000 0,000000 0,000000
656 1711041974 61051,000000 -1,000000 -101,000000 0,000000 0,000000
656 1711041975 61051,000000 -1,000000 -101,000000 0,000000 0,000000
656 1711041976 61051,000000 -1,000000 -101,000000 0,000000 0,000000
656 1711041977 61051,000000 -1,000000 -101,000000 0,000000 0,000000
656 1711041978 61051,000000 -1,000000 -101,000000 0,000000 0,000000
656 1711041979 118918,400000 -1,000000 -101,000000 0,000000 0,000000
656 1711041980 118918,400000 -1,000000 -101,000000 0,000000 0,000000
656 1711041981 118918,400000 -1,000000 -101,000000 0,000000 0,000000
656 1711041982 118918,400000 -1,000000 -101,000000 0,000000 0,000000
656 1711041983 118918,400000 -1,000000 -101,000000 0,000000 0,000000
656 1711041984 116258,200000 -1,000000 -101,000000 0,000000 0,000000
656 1711041985 116258,200000 -1,000000 -101,000000 0,000000 0,000000
656 1711041986 116258,200000 -1,000000 -101,000000 0,000000 0,000000
656 1711041987 116258,200000 -1,000000 -101,000000 0,000000 0,000000
656 1711041988 116258,200000 -1,000000 -101,000000 0,000000 0,000000
656 1711041989 118287,800000 -1,000000 -101,000000 0,000000 0,000000
656 1711041990 118287,800000 -1,000000 -101,000000 0,000000 0,000000
656 1711041991 118287,800000 -1,000000 -101,000000 0,000000 0,000000
656 1711041992 118287,800000 -1,000000 -101,000000 0,000000 0,000000
656 1711041993 118287,800000 -1,000000 -101,000000 0,000000 0,000000
656 1711041994 230531,600000 -1,000000 -101,000000 0,000000 0,000000
656 1711041995 230531,600000 -1,000000 -101,000000 0,000000 0,000000
656 1711041996 230531,600000 -1,000000 -101,000000 0,000000 0,000000
656 1711041997 230531,600000 -1,000000 -101,000000 0,000000 0,000000
656 1711041998 230531,600000 -1,000000 -101,000000 0,000000 0,000000
656 1711041999 5939,800000 -1,000000 -101,000000 0,000000 0,000000
656 1711042000 5939,800000 -1,000000 -101,000000 0,000000 0,000000
656 1711042001 5939,800000 -1,000000 -101,000000 0,000000 0,000000
656 1711042002 5939,800000 -1,000000 -101,000000 0,000000 0,000000
656 1711042003 5939,800000 -1,000000 -101,000000 0,000000 0,000000
656 1711042004 118039,200000 -1,000000 -101,000000 0,000000 0,000000
656 1711042005 118039,200000 -1,000000 -101,000000 0,000000 0,000000
656 1711042006 118039,200000 -1,000000 -101,000000 0,000000 0,000000
656 1711042007 118039,200000 -1,000000 -101,000000 0,000000 0,000000
656 1711042008 118039,200000 -1,000000 -101,000000 0,000000 0,000000
656 1711042009 4652,000000 -1,000000 -101,000000 0,000000 0,000000
656 1711042010 4652,000000 -1,000000 -101,000000 0,000000 0,000000
656 1711042011 4652,000000 -1,000000 -101,000000 0,000000 0,000000
656 1711042012 4652,000000 -1,000000 -101,000000 0,000000 0,000000
656 1711042013 4652,000000 -1,000000 -101,000000 0,000000 0,000000
656 1711042014 122371,800000 -1,000000 -101,000000 0,000000 0,000000
656 1711042015 122371,800000 -1,000000 -101,000000 0,000000 0,000000
656 1711042016 122371,800000 -1,000000 -101,000000 0,000000 0,000000
656 1711042017 122371,800000 -1,000000 -101,000000 0,000000 0,000000
656 1711042018 122371,800000 -1,000000 -101,000000 0,000000 0,000000
656 1711042019 2270,600000 -1,000000 -101,000000 0,000000 0,000000
656 1711042020 2270,600000 -1,000000 -101,000000 0,000000 0,000000
656 1711042021 2270,600000 -1,000000 -101,000000 0,000000 0,000000
656 1711042022 2270,600000 -1,000000 -101,000000 0,000000 0,000000
656 1711042023 2270,600000 -1,000000 -101,000000 0,000000 0,000000
656 1711042024 120703,000000 -1,000000 -101,000000 0,000000 0,000000
656 1711042025 120703,000000 -1,000000 -101,000000 0,000000 0,000000
656 1711042026 120703,000000 -1,000000 -101,000000 0,000000 0,000000
656 1711042027 120703,000000 -1,000000 -101,000000 0,000000 0,000000
656 1711042028 120703,000000 -1,000000 -101,000000 0,000000 0,000000
656 1711042029 696,800000 -1,000000 -101,000000 0,000000 0,000000
656 1711042030 696,800000 -1,000000 -101,000000 0,000000 0,000000
656 1711042031 696,800000 -1,000000 -101,000000 0,000000 0,000000
656 1711042032 696,800000 -1,000000 -101,000000 0,000000 0,000000
656 1711042033 696,800000 -1,000000 -101,000000 0,000000 0,000000
656 1711042034 116566,400000 -1,000000 -101,000000 0,000000 0,000000
656 1711042035 116566,400000 -1,000000 -101,000000 0,000000 0,000000
656 1711042036 116566,400000 -1,000000 -101,000000 0,000000 0,000000
656 1711042037 116566,400000 -1,000000 -101,000000 0,000000 0,000000
656 1711042038 116566,400000 -1,000000 -101,000000 0,000000 0,000000
656 1711042039 117264,600000 -1,000000 -101,000000 0,000000 0,000000
656 1711042040 117264,600000 -1,000000 -101,000000 0,000000 0,000000
656 1711042041 117264,600000 -1,000000 -101,000000 0,000000 0,000000
656 1711042042 117264,600000 -1,000000 -101,000000 0,000000 0,000000
656 1711042043 117264,600000 -1,000000 -101,000000 0,000000 0,000000
656 1711042044 4113,800000 -1,000000 -101,000000 0,000000 0,000000
656 1711042045 4113,800000 -1,000000 -101,000000 0,000000 0,000000
656 1711042046 4113,800000 -1,000000 -101,000000 0,000000 0,000000
656 1711042047 4113,800000 -1,000000 -101,000000 0,000000 0,000000
656 1711042048 4113,800000 -1,000000 -101,000000 0,000000 0,000000
656 1711042049 119405,600000 -1,000000 -101,000000 0,000000 0,000000
656 1711042050 119405,600000 -1,000000 -101,000000 0,000000 0,000000
656 1711042051 119405,600000 -1,000000 -101,000000 0,000000 0,000000
656 1711042052 119405,600000 -1,000000 -101,000000 0,000000 0,000000
656 1711042053 119405,600000 -1,000000 -101,000000 0,000000 0,000000
656 1711042054 2470,800000 -1,000000 -101,000000 0,000000 0,000000
656 1711042055 2470,800000 -1,000000 -101,000000 0,000000 0,000000
656 1711042056 2470,800000 -1,000000 -101,000000 0,000000 0,000000
656 1711042057 2470,800000 -1,000000 -101,000000 0,000000 0,000000
656 1711042058 2470,800000 -1,000000 -101,000000 0,000000 0,000000
656 1711042059 3051,200000 -1,000000 -101,000000 0,000000 0,000000
656 1711042060 3051,200000 -1,000000 -101,000000 0,000000 0,000000
656 1711042061 3051,200000 -1,000000 -101,000000 0,000000 0,000000
656 1711042062 3051,200000 -1,000000 -101,000000 0,000000 0,000000
656 1711042063 3051,200000 -1,000000 -101,000000 0,000000 0,000000
656 1711042064 175860,600000 -1,000000 -101,000000 0,000000 0,000000
656 1711042065 175860,600000 -1,000000 -101,000000 0,000000 0,000000
656 1711042066 175860,600000 -1,000000 -101,000000 0,000000 0,000000
656 1711042067 175860,600000 -1,000000 -101,000000 0,000000 0,000000
656 1711042068 175860,600000 -1,000000 -101,000000 0,000000 0,000000
656 1711042069 346911,800000 -1,000000 -101,000000 0,000000 0,000000
656 1711042070 346911,800000 -1,000000 -101,000000 0,000000 0,000000
656 1711042071 346911,800000 -1,000000 -101,000000 0,000000 0,000000
656 1711042072 346911,800000 -1,000000 -101,000000 0,000000 0,000000
656 1711042073 346911,800000 -1,000000 -101,000000 0,000000 0,000000
656 1711042074 778,400000 -1,000000 -101,000000 0,000000 0,000000
656 1711042075 778,400000 -1,000000 -101,000000 0,000000 0,000000
656 1711042076 778,400000 -1,000000 -101,000000 0,000000 0,000000
656 1711042077 778,400000 -1,000000 -101,000000 0,000000 0,000000
656 1711042078 778,400000 -1,000000 -101,000000 0,000000 0,000000
656 1711042079 3034,800000 -1,000000 -101,000000 0,000000 0,000000
656 1711042080 3034,800000 -1,000000 -101,000000 0,000000 0,000000
656 1711042081 3034,800000 -1,000000 -101,000000 0,000000 0,000000
656 1711042082 3034,800000 -1,000000 -101,000000 0,000000 0,000000
656 1711042083 3034,800000 -1,000000 -101,000000 0,000000 0,000000
656 1711042084 233559,400000 -1,000000 -101,000000 0,000000 0,000000
656 1711042085 233559,400000 -1,000000 -101,000000 0,000000 0,000000
656 1711042086 233559,400000 -1,000000 -101,000000 0,000000 0,000000
656 1711042087 233559,400000 -1,000000 -101,000000 0,000000 0,000000
656 1711042088 233559,400000 -1,000000 -101,000000 0,000000 0,000000
656 1711042089 1525,600000 -1,000000 -101,000000 0,000000 0,000000
656 1711042090 1525,600000 -1,000000 -101,000000 0,000000 0,000000
656 1711042091 1525,600000 -1,000000 -101,000000 0,000000 0,000000
656 1711042092 1525,600000 -1,000000 -101,000000 0,000000 0,000000
656 1711042093 1525,600000 -1,000000 -101,000000 0,000000 0,000000
656 1711042094 118434,200000 -1,000000 -101,000000 0,000000 0,000000
656 1711042095 118434,200000 -1,000000 -101,000000 0,000000 0,000000
656 1711042096 118434,200000 -1,000000 -101,000000 0,000000 0,000000
656 1711042097 118434,200000 -1,000000 -101,000000 0,000000 0,000000
656 1711042098 118434,200000 -1,000000 -101,000000 0,000000 0,000000
656 1711042099 5296,600000 -1,000000 -101,000000 0,000000 0,000000
656 1711042100 5296,600000 -1,000000 -101,000000 0,000000 0,000000
656 1711042101 5296,600000 -1,000000 -101,000000 0,000000 0,000000
656 1711042102 5296,600000 -1,000000 -101,000000 0,000000 0,000000
656 1711042103 5296,600000 -1,000000 -101,000000 0,000000 0,000000
656 1711042104 118854,600000 -1,000000 -101,000000 0,000000 0,000000
656 1711042105 118854,600000 -1,000000 -101,000000 0,000000 0,000000
656 1711042106 118854,600000 -1,000000 -101,000000 0,000000 0,000000
656 1711042107 118854,600000 -1,000000 -101,000000 0,000000 0,000000
656 1711042108 118854,600000 -1,000000 -101,000000 0,000000 0,000000
656 1711042109 116961,800000 -1,000000 -101,000000 0,000000 0,000000
656 1711042110 116961,800000 -1,000000 -101,000000 0,000000 0,000000
656 1711042111 116961,800000 -1,000000 -101,000000 0,000000 0,000000
656 1711042112 116961,800000 -1,000000 -101,000000 0,000000 0,000000
656 1711042113 116961,800000 -1,000000 -101,000000 0,000000 0,000000
656 1711042114 234964,600000 -1,000000 -101,000000 0,000000 0,000000
656 1711042115 234964,600000 -1,000000 -101,000000 0,000000 0,000000
656 1711042116 234964,600000 -1,000000 -101,000000 0,000000 0,000000
656 1711042117 234964,600000 -1,000000 -101,000000 0,000000 0,000000
656 1711042118 234964,600000 -1,000000 -101,000000 0,000000 0,000000
656 1711042119 770,000000 -1,000000 -101,000000 0,000000 0,000000
656 1711042120 770,000000 -1,000000 -101,000000 0,000000 0,000000
656 1711042121 770,000000 -1,000000 -101,000000 0,000000 0,000000
656 1711042122 770,000000 -1,000000 -101,000000 0,000000 0,000000
656 1711042123 770,000000 -1,000000 -101,000000 0,000000 0,000000
656 1711042124 6984,200000 -1,000000 -101,000000 0,000000 0,000000
656 1711042125 6984,200000 -1,000000 -101,000000 0,000000 0,000000
656 1711042126 6984,200000 -1,000000 -101,000000 0,000000 0,000000
656 1711042127 6984,200000 -1,000000 -101,000000 0,000000 0,000000
656 1711042128 6984,200000 -1,000000 -101,000000 0,000000 0,000000
656 1711042129 117351,800000 -1,000000 -101,000000 0,000000 0,000000
656 1711042130 117351,800000 -1,000000 -101,000000 0,000000 0,000000
656 1711042131 117351,800000 -1,000000 -101,000000 0,000000 0,000000
656 1711042132 117351,800000 -1,000000 -101,000000 0,000000 0,000000
656 1711042133 117351,800000 -1,000000 -101,000000 0,000000 0,000000
656 1711042134 3383,600000 -1,000000 -101,000000 0,000000 0,000000
656 1711042135 3383,600000 -1,000000 -101,000000 0,000000 0,000000
656 1711042136 3383,600000 -1,000000 -101,000000 0,000000 0,000000
656 1711042137 3383,600000 -1,000000 -101,000000 0,000000 0,000000
656 1711042138 3383,600000 -1,000000 -101,000000 0,000000 0,000000
656 1711042139 118999,000000 -1,000000 -101,000000 0,000000 0,000000
656 1711042140 118999,000000 -1,000000 -101,000000 0,000000 0,000000
656 1711042141 118999,000000 -1,000000 -101,000000 0,000000 0,000000
656 1711042142 118999,000000 -1,000000 -101,000000 0,000000 0,000000
656 1711042143 118999,000000 -1,000000 -101,000000 0,000000 0,000000
656 1711042144 2133,600000 -1,000000 -101,000000 0,000000 0,000000
656 1711042145 2133,600000 -1,000000 -101,000000 0,000000 0,000000
656 1711042146 2133,600000 -1,000000 -101,000000 0,000000 0,000000
656 1711042147 2133,600000 -1,000000 -101,000000 0,000000 0,000000
656 1711042148 2133,600000 -1,000000 -101,000000 0,000000 0,000000
656 1711042149 118147,200000 -1,000000 -101,000000 0,000000 0,000000
656 1711042150 118147,200000 -1,000000 -101,000000 0,000000 0,000000
656 1711042151 118147,200000 -1,000000 -101,000000 0,000000 0,000000
656 1711042152 118147,200000 -1,000000 -101,000000 0,000000 0,000000
656 1711042153 118147,200000 -1,000000 -101,000000 0,000000 0,000000
656 1711042154 63444,400000 -1,000000 -101,000000 0,000000 0,000000
656 1711042155 63444,400000 -1,000000 -101,000000 0,000000 0,000000
656 1711042156 63444,400000 -1,000000 -101,000000 0,000000 0,000000
656 1711042157 63444,400000 -1,000000 -101,000000 0,000000 0,000000
656 1711042158 63444,400000 -1,000000 -101,000000 0,000000 0,000000
656 1711042159 233283,600000 -1,000000 -101,000000 0,000000 0,000000
656 1711042160 233283,600000 -1,000000 -101,000000 0,000000 0,000000
656 1711042161 233283,600000 -1,000000 -101,000000 0,000000 0,000000
656 1711042162 233283,600000 -1,000000 -101,000000 0,000000 0,000000
656 1711042163 233283,600000 -1,000000 -101,000000 0,000000 0,000000
656 1711042164 2014,200000 -1,000000 -101,000000 0,000000 0,000000
656 1711042165 2014,200000 -1,000000 -101,000000 0,000000 0,000000
656 1711042166 2014,200000 -1,000000 -101,000000 0,000000 0,000000
656 1711042167 2014,200000 -1,000000 -101,000000 0,000000 0,000000
656 1711042168 2014,200000 -1,000000 -101,000000 0,000000 0,000000
656 1711042169 2384,000000 -1,000000 -101,000000 0,000000 0,000000
656 1711042170 2384,000000 -1,000000 -101,000000 0,000000 0,000000
656 1711042171 2384,000000 -1,000000 -101,000000 0,000000 0,000000
656 1711042172 2384,000000 -1,000000 -101,000000 0,000000 0,000000
656 1711042173 2384,000000 -1,000000 -101,000000 0,000000 0,000000
656 1711042174 115453,800000 -1,000000 -101,000000 0,000000 0,000000
656 1711042175 115453,800000 -1,000000 -101,000000 0,000000 0,000000
656 1711042176 115453,800000 -1,000000 -101,000000 0,000000 0,000000
656 1711042177 115453,800000 -1,000000 -101,000000 0,000000 0,000000
656 1711042178 115453,800000 -1,000000 -101,000000 0,000000 0,000000
656 1711042179 117442,400000 -1,000000 -101,000000 0,000000 0,000000
656 1711042180 117442,400000 -1,000000 -101,000000 0,000000 0,000000
656 1711042181 117442,400000 -1,000000 -101,000000 0,000000 0,000000
656 1711042182 117442,400000 -1,000000 -101,000000 0,000000 0,000000
656 1711042183 117442,400000 -1,000000 -101,000000 0,000000 0,000000
656 1711042184 232238,800000 -1,000000 -101,000000 0,000000 0,000000
656 1711042185 232238,800000 -1,000000 -101,000000 0,000000 0,000000
656 1711042186 232238,800000 -1,000000 -101,000000 0,000000 0,000000
656 1711042187 232238,800000 -1,000000 -101,000000 0,000000 0,000000
656 1711042188 232238,800000 -1,000000 -101,000000 0,000000 0,000000
656 1711042189 902,000000 -1,000000 -101,000000 0,000000 0,000000
656 1711042190 902,000000 -1,000000 -101,000000 0,000000 0,000000
656 1711042191 902,000000 -1,000000 -101,000000 0,000000 0,000000
656 1711042192 902,000000 -1,000000 -101,000000 0,000000 0,000000
656 1711042193 902,000000 -1,000000 -101,000000 0,000000 0,000000
656 1711042194 120398,000000 -1,000000 -101,000000 0,000000 0,000000
656 1711042195 120398,000000 -1,000000 -101,000000 0,000000 0,000000
656 1711042196 120398,000000 -1,000000 -101,000000 0,000000 0,000000
656 1711042197 120398,000000 -1,000000 -101,000000 0,000000 0,000000
656 1711042198 120398,000000 -1,000000 -101,000000 0,000000 0,000000
656 1711042199 2241,000000 -1,000000 -101,000000 0,000000 0,000000
656 1711042200 2241,000000 -1,000000 -101,000000 0,000000 0,000000
656 1711042201 2241,000000 -1,000000 -101,000000 0,000000 0,000000
656 1711042202 2241,000000 -1,000000 -101,000000 0,000000 0,000000
656 1711042203 2241,000000 -1,000000 -101,000000 0,000000 0,000000
656 1711042204 231683,600000 -1,000000 -101,000000 0,000000 0,000000
656 1711042205 231683,600000 -1,000000 -101,000000 0,000000 0,000000
656 1711042206 231683,600000 -1,000000 -101,000000 0,000000 0,000000
656 1711042207 231683,600000 -1,000000 -101,000000 0,000000 0,000000
656 1711042208 231683,600000 -1,000000 -101,000000 0,000000 0,000000
656 1711042209 3741,200000 -1,000000 -101,000000 0,000000 0,000000
656 1711042210 3741,200000 -1,000000 -101,000000 0,000000 0,000000
656 1711042211 3741,200000 -1,000000 -101,000000 0,000000 0,000000
656 1711042212 3741,200000 -1,000000 -101,000000 0,000000 0,000000
656 1711042213 3741,200000 -1,000000 -101,000000 0,000000 0,000000
656 1711042214 118950,600000 -1,000000 -101,000000 0,000000 0,000000
656 1711042215 118950,600000 -1,000000 -101,000000 0,000000 0,000000
656 1711042216 118950,600000 -1,000000 -101,000000 0,000000 0,000000
656 1711042217 118950,600000 -1,000000 -101,000000 0,000000 0,000000
656 1711042218 118950,600000 -1,000000 -101,000000 0,000000 0,000000
656 1711042219 117375,400000 -1,000000 -101,000000 0,000000 0,000000
656 1711042220 117375,400000 -1,000000 -101,000000 0,000000 0,000000
656 1711042221 117375,400000 -1,000000 -101,000000 0,000000 0,000000
656 1711042222 117375,400000 -1,000000 -101,000000 0,000000 0,000000
656 1711042223 117375,400000 -1,000000 -101,000000 0,000000 0,000000
656 1711042224 5589,000000 -1,000000 -101,000000 0,000000 0,000000
656 1711042225 5589,000000 -1,000000 -101,000000 0,000000 0,000000
656 1711042226 5589,000000 -1,000000 -101,000000 0,000000 0,000000
656 1711042227 5589,000000 -1,000000 -101,000000 0,000000 0,000000
656 1711042228 5589,000000 -1,000000 -101,000000 0,000000 0,000000
656 1711042229 233884,600000 -1,000000 -101,000000 0,000000 0,000000
656 1711042230 233884,600000 -1,000000 -101,000000 0,000000 0,000000
656 1711042231 233884,600000 -1,000000 -101,000000 0,000000 0,000000
656 1711042232 233884,600000 -1,000000 -101,000000 0,000000 0,000000
656 1711042233 233884,600000 -1,000000 -101,000000 0,000000 0,000000
656 1711042234 3097,200000 -1,000000 -101,000000 0,000000 0,000000
656 1711042235 3097,200000 -1,000000 -101,000000 0,000000 0,000000
656 1711042236 3097,200000 -1,000000 -101,000000 0,000000 0,000000
656 1711042237 3097,200000 -1,000000 -101,000000 0,000000 0,000000
656 1711042238 3097,200000 -1,000000 -101,000000 0,000000 0,000000
656 1711042239 4459,600000 -1,000000 -101,000000 0,000000 0,000000
656 1711042240 4459,600000 -1,000000 -101,000000 0,000000 0,000000
656 1711042241 4459,600000 -1,000000 -101,000000 0,000000 0,000000
656 1711042242 4459,600000 -1,000000 -101,000000 0,000000 0,000000
656 1711042243 4459,600000 -1,000000 -101,000000 0,000000 0,000000
656 1711042244 62798,200000 -1,000000 -101,000000 0,000000 0,000000
656 1711042245 62798,200000 -1,000000 -101,000000 0,000000 0,000000
656 1711042246 62798,200000 -1,000000 -101,000000 0,000000 0,000000
656 1711042247 62798,200000 -1,000000 -101,000000 0,000000 0,000000
656 1711042248 62798,200000 -1,000000 -101,000000 0,000000 0,000000
656 1711042249 118698,200000 -1,000000 -101,000000 0,000000 0,000000
656 1711042250 118698,200000 -1,000000 -101,000000 0,000000 0,000000
656 1711042251 118698,200000 -1,000000 -101,000000 0,000000 0,000000
656 1711042252 118698,200000 -1,000000 -101,000000 0,000000 0,000000
656 1711042253 118698,200000 -1,000000 -101,000000 0,000000 0,000000
656 1711042254 116172,600000 -1,000000 -101,000000 0,000000 0,000000
656 1711042255 116172,600000 -1,000000 -101,000000 0,000000 0,000000
656 1711042256 116172,600000 -1,000000 -101,000000 0,000000 0,000000
656 1711042257 116172,600000 -1,000000 -101,000000 0,000000 0,000000
656 1711042258 116172,600000 -1,000000 -101,000000 0,000000 0,000000
656 1711042259 5463,600000 -1,000000 -101,000000 0,000000 0,000000
656 1711042260 5463,600000 -1,000000 -101,000000 0,000000 0,000000
656 1711042261 5463,600000 -1,000000 -101,000000 0,000000 0,000000
656 1711042262 5463,600000 -1,000000 -101,000000 0,000000 0,000000
656 1711042263 5463,600000 -1,000000 -101,000000 0,000000 0,000000
656 1711042264 118013,400000 -1,000000 -101,000000 0,000000 0,000000
656 1711042265 118013,400000 -1,000000 -101,000000 0,000000 0,000000
656 1711042266 118013,400000 -1,000000 -101,000000 0,000000 0,000000
656 1711042267 118013,400000 -1,000000 -101,000000 0,000000 0,000000
656 1711042268 118013,400000 -1,000000 -101,000000 0,000000 0,000000
656 1711042269 2116,200000 -1,000000 -101,000000 0,000000 0,000000
656 1711042270 2116,200000 -1,000000 -101,000000 0,000000 0,000000
656 1711042271 2116,200000 -1,000000 -101,000000 0,000000 0,000000
656 1711042272 2116,200000 -1,000000 -101,000000 0,000000 0,000000
656 1711042273 2116,200000 -1,000000 -101,000000 0,000000 0,000000
656 1711042274 232193,200000 -1,000000 -101,000000 0,000000 0,000000
656 1711042275 232193,200000 -1,000000 -101,000000 0,000000 0,000000
656 1711042276 232193,200000 -1,000000 -101,000000 0,000000 0,000000
656 1711042277 232193,200000 -1,000000 -101,000000 0,000000 0,000000
656 1711042278 232193,200000 -1,000000 -101,000000 0,000000 0,000000
656 1711042279 220,800000 -1,000000 -101,000000 0,000000 0,000000
656 1711042280 220,800000 -1,000000 -101,000000 0,000000 0,000000
656 1711042281 220,800000 -1,000000 -101,000000 0,000000 0,000000
656 1711042282 220,800000 -1,000000 -101,000000 0,000000 0,000000
656 1711042283 220,800000 -1,000000 -101,000000 0,000000 0,000000
656 1711042284 118405,400000 -1,000000 -101,000000 0,000000 0,000000
656 1711042285 118405,400000 -1,000000 -101,000000 0,000000 0,000000
656 1711042286 118405,400000 -1,000000 -101,000000 0,000000 0,000000
656 1711042287 118405,400000 -1,000000 -101,000000 0,000000 0,000000
656 1711042288 118405,400000 -1,000000 -101,000000 0,000000 0,000000
656 1711042289 116627,600000 -1,000000 -101,000000 0,000000 0,000000
656 1711042290 116627,600000 -1,000000 -101,000000 0,000000 0,000000
656 1711042291 116627,600000 -1,000000 -101,000000 0,000000 0,000000
656 1711042292 116627,600000 -1,000000 -101,000000 0,000000 0,000000
656 1711042293 116627,600000 -1,000000 -101,000000 0,000000 0,000000
656 1711042294 117109,400000 -1,000000 -101,000000 0,000000 0,000000
656 1711042295 117109,400000 -1,000000 -101,000000 0,000000 0,000000
656 1711042296 117109,400000 -1,000000 -101,000000 0,000000 0,000000
656 1711042297 117109,400000 -1,000000 -101,000000 0,000000 0,000000
656 1711042298 117109,400000 -1,000000 -101,000000 0,000000 0,000000
656 1711042299 3990,800000 -1,000000 -101,000000 0,000000 0,000000
656 1711042300 3990,800000 -1,000000 -101,000000 0,000000 0,000000
656 1711042301 3990,800000 -1,000000 -101,000000 0,000000 0,000000
656 1711042302 3990,800000 -1,000000 -101,000000 0,000000 0,000000
656 1711042303 3990,800000 -1,000000 -101,000000 0,000000 0,000000
656 1711042304 116612,200000 -1,000000 -101,000000 0,000000 0,000000
656 1711042305 116612,200000 -1,000000 -101,000000 0,000000 0,000000
656 1711042306 116612,200000 -1,000000 -101,000000 0,000000 0,000000
656 1711042307 116612,200000 -1,000000 -101,000000 0,000000 0,000000
656 1711042308 116612,200000 -1,000000 -101,000000 0,000000 0,000000
656 1711042309 232096,200000 -1,000000 -101,000000 0,000000 0,000000
656 1711042310 232096,200000 -1,000000 -101,000000 0,000000 0,000000
656 1711042311 232096,200000 -1,000000 -101,000000 0,000000 0,000000
656 1711042312 232096,200000 -1,000000 -101,000000 0,000000 0,000000
656 1711042313 232096,200000 -1,000000 -101,000000 0,000000 0,000000
656 1711042314 3970,600000 -1,000000 -101,000000 0,000000 0,000000
656 1711042315 3970,600000 -1,000000 -101,000000 0,000000 0,000000
656 1711042316 3970,600000 -1,000000 -101,000000 0,000000 0,000000
656 1711042317 3970,600000 -1,000000 -101,000000 0,000000 0,000000
656 1711042318 3970,600000 -1,000000 -101,000000 0,000000 0,000000
656 1711042319 119371,000000 -1,000000 -101,000000 0,000000 0,000000
656 1711042320 119371,000000 -1,000000 -101,000000 0,000000 0,000000
656 1711042321 119371,000000 -1,000000 -101,000000 0,000000 0,000000
656 1711042322 119371,000000 -1,000000 -101,000000 0,000000 0,000000
656 1711042323 119371,000000 -1,000000 -101,000000 0,000000 0,000000
656 1711042324 116954,000000 -1,000000 -101,000000 0,000000 0,000000
656 1711042325 116954,000000 -1,000000 -101,000000 0,000000 0,000000
656 1711042326 116954,000000 -1,000000 -101,000000 0,000000 0,000000
656 1711042327 116954,000000 -1,000000 -101,000000 0,000000 0,000000
656 1711042328 116954,000000 -1,000000 -101,000000 0,000000 0,000000
656 1711042329 5562,800000 -1,000000 -101,000000 0,000000 0,000000
656 1711042330 5562,800000 -1,000000 -101,000000 0,000000 0,000000
656 1711042331 5562,800000 -1,000000 -101,000000 0,000000 0,000000
656 1711042332 5562,800000 -1,000000 -101,000000 0,000000 0,000000
656 1711042333 5562,800000 -1,000000 -101,000000 0,000000 0,000000
656 1711042334 64056,000000 -1,000000 -101,000000 0,000000 0,000000
656 1711042335 64056,000000 -1,000000 -101,000000 0,000000 0,000000
656 1711042336 64056,000000 -1,000000 -101,000000 0,000000 0,000000
656 1711042337 64056,000000 -1,000000 -101,000000 0,000000 0,000000
656 1711042338 64056,000000 -1,000000 -101,000000 0,000000 0,000000
656 1711042339 121709,000000 -1,000000 -101,000000 0,000000 0,000000
656 1711042340 121709,000000 -1,000000 -101,000000 0,000000 0,000000
656 1711042341 121709,000000 -1,000000 -101,000000 0,000000 0,000000
656 1711042342 121709,000000 -1,000000 -101,000000 0,000000 0,000000
656 1711042343 121709,000000 -1,000000 -101,000000 0,000000 0,000000
656 1711042344 2809,800000 -1,000000 -101,000000 0,000000 0,000000
656 1711042345 2809,800000 -1,000000 -101,000000 0,000000 0,000000
656 1711042346 2809,800000 -1,000000 -101,000000 0,000000 0,000000
656 1711042347 2809,800000 -1,000000 -101,000000 0,000000 0,000000
656 1711042348 2809,800000 -1,000000 -101,000000 0,000000 0,000000
656 1711042349 116802,800000 -1,000000 -101,000000 0,000000 0,000000
656 1711042350 116802,800000 -1,000000 -101,000000 0,000000 0,000000
656 1711042351 116802,800000 -1,000000 -101,000000 0,000000 0,000000
656 1711042352 116802,800000 -1,000000 -101,000000 0,000000 0,000000
656 1711042353 116802,800000 -1,000000 -101,000000 0,000000 0,000000
656 1711042354 231258,000000 -1,000000 -101,000000 0,000000 0,000000
656 1711042355 231258,000000 -1,000000 -101,000000 0,000000 0,000000
656 1711042356 231258,000000 -1,000000 -101,000000 0,000000 0,000000
656 1711042357 231258,000000 -1,000000 -101,000000 0,000000 0,000000
656 1711042358 231258,000000 -1,000000 -101,000000 0,000000 0,000000
656 1711042359 2414,800000 -1,000000 -101,000000 0,000000 0,000000
656 1711042360 2414,800000 -1,000000 -101,000000 0,000000 0,000000
656 1711042361 2414,800000 -1,000000 -101,000000 0,000000 0,000000
656 1711042362 2414,800000 -1,000000 -101,000000 0,000000 0,000000
656 1711042363 2414,800000 -1,000000 -101,000000 0,000000 0,000000
656 1711042364 120063,200000 -1,000000 -101,000000 0,000000 0,000000
656 1711042365 120063,200000 -1,000000 -101,000000 0,000000 0,000000
656 1711042366 120063,200000 -1,000000 -101,000000 0,000000 0,000000
656 1711042367 120063,200000 -1,000000 -101,000000 0,000000 0,000000
656 1711042368 120063,200000 -1,000000 -101,000000 0,000000 0,000000
656 1711042369 2244,000000 -1,000000 -101,000000 0,000000 0,000000
656 1711042370 2244,000000 -1,000000 -101,000000 0,000000 0,000000
656 1711042371 2244,000000 -1,000000 -101,000000 0,000000 0,000000
656 1711042372 2244,000000 -1,000000 -101,000000 0,000000 0,000000
656 1711042373 2244,000000 -1,000000 -101,000000 0,000000 0,000000
656 1711042374 5915,000000 -1,000000 -101,000000 0,000000 0,000000
656 1711042375 5915,000000 -1,000000 -101,000000 0,000000 0,000000
656 1711042376 5915,000000 -1,000000 -101,000000 0,000000 0,000000
656 1711042377 5915,000000 -1,000000 -101,000000 0,000000 0,000000
656 1711042378 5915,000000 -1,000000 -101,000000 0,000000 0,000000
656 1711042379 2217,600000 -1,000000 -101,000000 0,000000 0,000000
656 1711042380 2217,600000 -1,000000 -101,000000 0,000000 0,000000
656 1711042381 2217,600000 -1,000000 -101,000000 0,000000 0,000000
656 1711042382 2217,600000 -1,000000 -101,000000 0,000000 0,000000
656 1711042383 2217,600000 -1,000000 -101,000000 0,000000 0,000000
656 1711042384 230813,000000 -1,000000 -101,000000 0,000000 0,000000
656 1711042385 230813,000000 -1,000000 -101,000000 0,000000 0,000000
656 1711042386 230813,000000 -1,000000 -101,000000 0,000000 0,000000
656 1711042387 230813,000000 -1,000000 -101,000000 0,000000 0,000000
656 1711042388 230813,000000 -1,000000 -101,000000 0,000000 0,000000
656 1711042389 114709,400000 -1,000000 -101,000000 0,000000 0,000000
656 1711042390 114709,400000 -1,000000 -101,000000 0,000000 0,000000
656 1711042391 114709,400000 -1,000000 -101,000000 0,000000 0,000000
656 1711042392 114709,400000 -1,000000 -101,000000 0,000000 0,000000
656 1711042393 114709,400000 -1,000000 -101,000000 0,000000 0,000000
656 1711042394 2717,000000 -1,000000 -101,000000 0,000000 0,000000
656 1711042395 2717,000000 -1,000000 -101,000000 0,000000 0,000000
656 1711042396 2717,000000 -1,000000 -101,000000 0,000000 0,000000
656 1711042397 2717,000000 -1,000000 -101,000000 0,000000 0,000000
656 1711042398 2717,000000 -1,000000 -101,000000 0,000000 0,000000
656 1711042399 346572,000000 -1,000000 -101,000000 0,000000 0,000000
656 1711042400 346572,000000 -1,000000 -101,000000 0,000000 0,000000
656 1711042401 346572,000000 -1,000000 -101,000000 0,000000 0,000000
656 1711042402 346572,000000 -1,000000 -101,000000 0,000000 0,000000
656 1711042403 346572,000000 -1,000000 -101,000000 0,000000 0,000000
656 1711042404 1525,600000 -1,000000 -101,000000 0,000000 0,000000
656 1711042405 1525,600000 -1,000000 -101,000000 0,000000 0,000000
656 1711042406 1525,600000 -1,000000 -101,000000 0,000000 0,000000
656 1711042407 1525,600000 -1,000000 -101,000000 0,000000 0,000000
656 1711042408 1525,600000 -1,000000 -101,000000 0,000000 0,000000
656 1711042409 120185,000000 -1,000000 -101,000000 0,000000 0,000000
656 1711042410 120185,000000 -1,000000 -101,000000 0,000000 0,000000
656 1711042411 120185,000000 -1,000000 -101,000000 0,000000 0,000000
656 1711042412 120185,000000 -1,000000 -101,000000 0,000000 0,000000
656 1711042413 120185,000000 -1,000000 -101,000000 0,000000 0,000000
656 1711042414 2086,800000 -1,000000 -101,000000 0,000000 0,000000
656 1711042415 2086,800000 -1,000000 -101,000000 0,000000 0,000000
656 1711042416 2086,800000 -1,000000 -101,000000 0,000000 0,000000
656 1711042417 2086,800000 -1,000000 -101,000000 0,000000 0,000000
656 1711042418 2086,800000 -1,000000 -101,000000 0,000000 0,000000
656 1711042419 7425,400000 -1,000000 -101,000000 0,000000 0,000000
656 1711042420 7425,400000 -1,000000 -101,000000 0,000000 0,000000
656 1711042421 7425,400000 -1,000000 -101,000000 0,000000 0,000000
656 1711042422 7425,400000 -1,000000 -101,000000 0,000000 0,000000
656 1711042423 7425,400000 -1,000000 -101,000000 0,000000 0,000000
656 1711042424 63821,400000 -1,000000 -101,000000 0,000000 0,000000
656 1711042425 63821,400000 -1,000000 -101,000000 0,000000 0,000000
656 1711042426 63821,400000 -1,000000 -101,000000 0,000000 0,000000
656 1711042427 63821,400000 -1,000000 -101,000000 0,000000 0,000000
656 1711042428 63821,400000 -1,000000 -101,000000 0,000000 0,000000
656 1711042429 119305,400000 -1,000000 -101,000000 0,000000 0,000000
656 1711042430 119305,400000 -1,000000 -101,000000 0,000000 0,000000
656 1711042431 119305,400000 -1,000000 -101,000000 0,000000 0,000000
656 1711042432 119305,400000 -1,000000 -101,000000 0,000000 0,000000
656 1711042433 119305,400000 -1,000000 -101,000000 0,000000 0,000000
656 1711042434 104229,400000 -1,000000 -101,000000 0,000000 0,000000
656 1711042435 104229,400000 -1,000000 -101,000000 0,000000 0,000000
656 1711042436 104229,400000 -1,000000 -101,000000 0,000000 0,000000
656 1711042437 104229,400000 -1,000000 -101,000000 0,000000 0,000000
656 1711042438 104229,400000 -1,000000 -101,000000 0,000000 0,000000
656 1711042439 115948,800000 -1,000000 -101,000000 0,000000 0,000000
656 1711042440 115948,800000 -1,000000 -101,000000 0,000000 0,000000
656 1711042441 115948,800000 -1,000000 -101,000000 0,000000 0,000000
656 1711042442 115948,800000 -1,000000 -101,000000 0,000000 0,000000
656 1711042443 115948,800000 -1,000000 -101,000000 0,000000 0,000000
656 1711042444 128693,200000 -1,000000 -101,000000 0,000000 0,000000
656 1711042445 128693,200000 -1,000000 -101,000000 0,000000 0,000000
656 1711042446 128693,200000 -1,000000 -101,000000 0,000000 0,000000
656 1711042447 128693,200000 -1,000000 -101,000000 0,000000 0,000000
656 1711042448 128693,200000 -1,000000 -101,000000 0,000000 0,000000
656 1711042449 119223,400000 -1,000000 -101,000000 0,000000 0,000000
656 1711042450 119223,400000 -1,000000 -101,000000 0,000000 0,000000
656 1711042451 119223,400000 -1,000000 -101,000000 0,000000 0,000000
656 1711042452 119223,400000 -1,000000 -101,000000 0,000000 0,000000
656 1711042453 119223,400000 -1,000000 -101,000000 0,000000 0,000000
656 1711042454 122033,600000 -1,000000 -101,000000 0,000000 0,000000
656 1711042455 122033,600000 -1,000000 -101,000000 0,000000 0,000000
656 1711042456 122033,600000 -1,000000 -101,000000 0,000000 0,000000
656 1711042457 122033,600000 -1,000000 -101,000000 0,000000 0,000000
656 1711042458 122033,600000 -1,000000 -101,000000 0,000000 0,000000
656 1711042459 1133,400000 -1,000000 -101,000000 0,000000 0,000000
656 1711042460 1133,400000 -1,000000 -101,000000 0,000000 0,000000
656 1711042461 1133,400000 -1,000000 -101,000000 0,000000 0,000000
656 1711042462 1133,400000 -1,000000 -101,000000 0,000000 0,000000
656 1711042463 1133,400000 -1,000000 -101,000000 0,000000 0,000000
656 1711042464 6719,800000 -1,000000 -101,000000 0,000000 0,000000
656 1711042465 6719,800000 -1,000000 -101,000000 0,000000 0,000000
656 1711042466 6719,800000 -1,000000 -101,000000 0,000000 0,000000
656 1711042467 6719,800000 -1,000000 -101,000000 0,000000 0,000000
656 1711042468 6719,800000 -1,000000 -101,000000 0,000000 0,000000
656 1711042469 114972,000000 -1,000000 -101,000000 0,000000 0,000000
656 1711042470 114972,000000 -1,000000 -101,000000 0,000000 0,000000
656 1711042471 114972,000000 -1,000000 -101,000000 0,000000 0,000000
656 1711042472 114972,000000 -1,000000 -101,000000 0,000000 0,000000
656 1711042473 114972,000000 -1,000000 -101,000000 0,000000 0,000000
656 1711042474 116735,400000 -1,000000 -101,000000 0,000000 0,000000
656 1711042475 116735,400000 -1,000000 -101,000000 0,000000 0,000000
656 1711042476 116735,400000 -1,000000 -101,000000 0,000000 0,000000
656 1711042477 116735,400000 -1,000000 -101,000000 0,000000 0,000000
656 1711042538 115713,400000 -1,000000 115713,400000 115713,400000 2677918187,912000
656 1711042537 115713,400000 -1,000000 115713,400000 115713,400000 2677918187,912000
656 1711042536 115713,400000 -1,000000 115713,400000 115713,400000 2677918187,912000
656 1711042535 115713,400000 -1,000000 115713,400000 115713,400000 2677918187,912000
656 1711042534 115713,400000 -1,000000 115713,400000 115713,400000 2677918187,912000
656 1711042533 8005,000000 -1,000000 8005,000000 8005,000000 12816005,000000
656 1711042532 8005,000000 -1,000000 8005,000000 8005,000000 12816005,000000
656 1711042531 8005,000000 -1,000000 8005,000000 8005,000000 12816005,000000
656 1711042530 8005,000000 -1,000000 8005,000000 8005,000000 12816005,000000
656 1711042529 8005,000000 -1,000000 8005,000000 8005,000000 12816005,000000
656 1711042528 418,400000 -1,000000 418,400000 418,400000 35011,712000
656 1711042527 418,400000 -1,000000 418,400000 418,400000 35011,712000
656 1711042526 418,400000 -1,000000 418,400000 418,400000 35011,712000
656 1711042525 418,400000 -1,000000 418,400000 418,400000 35011,712000
656 1711042524 418,400000 -1,000000 418,400000 418,400000 35011,712000
656 1711042523 118593,800000 -1,000000 118593,800000 118593,800000 2812897879,688000
656 1711042522 118593,800000 -1,000000 118593,800000 118593,800000 2812897879,688000
656 1711042521 118593,800000 -1,000000 118593,800000 118593,800000 2812897879,688000
656 1711042520 118593,800000 -1,000000 118593,800000 118593,800000 2812897879,688000
656 1711042519 118593,800000 -1,000000 118593,800000 118593,800000 2812897879,688000
656 1711042518 177190,400000 -1,000000 177190,400000 177190,400000 6279287570,431999
656 1711042517 177190,400000 -1,000000 177190,400000 177190,400000 6279287570,431999
656 1711042516 177190,400000 -1,000000 177190,400000 177190,400000 6279287570,431999
656 1711042515 177190,400000 -1,000000 177190,400000 177190,400000 6279287570,431999
656 1711042514 177190,400000 -1,000000 177190,400000 177190,400000 6279287570,431999
656 1711042513 118514,600000 -1,000000 118514,600000 118514,600000 2809142082,632000
656 1711042512 118514,600000 -1,000000 118514,600000 118514,600000 2809142082,632000
656 1711042511 118514,600000 -1,000000 118514,600000 118514,600000 2809142082,632000
656 1711042510 118514,600000 -1,000000 118514,600000 118514,600000 2809142082,632000
656 1711042509 118514,600000 -1,000000 118514,600000 118514,600000 2809142082,632000
656 1711042508 3268,000000 -1,000000 3268,000000 3268,000000 2135964,800000
656 1711042507 3268,000000 -1,000000 3268,000000 3268,000000 2135964,800000
656 1711042506 3268,000000 -1,000000 3268,000000 3268,000000 2135964,800000
656 1711042505 3268,000000 -1,000000 3268,000000 3268,000000 2135964,800000
656 1711042504 3268,000000 -1,000000 3268,000000 3268,000000 2135964,800000
656 1711042503 118433,800000 -1,000000 118433,800000 118433,800000 2805312996,488000
656 1711042502 118433,800000 -1,000000 118433,800000 118433,800000 2805312996,488000
656 1711042501 118433,800000 -1,000000 118433,800000 118433,800000 2805312996,488000
656 1711042500 118433,800000 -1,000000 118433,800000 118433,800000 2805312996,488000
656 1711042499 118433,800000 -1,000000 118433,800000 118433,800000 2805312996,488000
656 1711042498 117269,600000 -1,000000 117269,600000 117269,600000 2750431816,832001
656 1711042497 117269,600000 -1,000000 117269,600000 117269,600000 2750431816,832001
656 1711042496 117269,600000 -1,000000 117269,600000 117269,600000 2750431816,832001
656 1711042495 117269,600000 -1,000000 117269,600000 117269,600000 2750431816,832001
656 1711042494 117269,600000 -1,000000 117269,600000 117269,600000 2750431816,832001
656 1711042493 119719,800000 -1,000000 119719,800000 119719,800000 2866566102,408000
656 1711042492 119719,800000 -1,000000 119719,800000 119719,800000 2866566102,408000
656 1711042491 119719,800000 -1,000000 119719,800000 119719,800000 2866566102,408000
656 1711042490 119719,800000 -1,000000 119719,800000 119719,800000 2866566102,408000
656 1711042489 119719,800000 -1,000000 119719,800000 119719,800000 2866566102,408000
656 1711042488 115992,000000 -1,000000 115992,000000 115992,000000 2690828812,800000
656 1711042487 115992,000000 -1,000000 115992,000000 115992,000000 2690828812,800000
656 1711042486 115992,000000 -1,000000 115992,000000 115992,000000 2690828812,800000
656 1711042485 115992,000000 -1,000000 115992,000000 115992,000000 2690828812,800000
656 1711042484 115992,000000 -1,000000 115992,000000 115992,000000 2690828812,800000
656 1711042483 2592,400000 -1,000000 2592,400000 2592,400000 1344107,552000
656 1711042482 2592,400000 -1,000000 2592,400000 2592,400000 1344107,552000
656 1711042481 2592,400000 -1,000000 2592,400000 2592,400000 1344107,552000
656 1711042480 2592,400000 -1,000000 2592,400000 2592,400000 1344107,552000
656 1711042479 2592,400000 -1,000000 2592,400000 2592,400000 1344107,552000
656 1711042478 116735,400000 -1,000000 116735,400000 116735,400000 2725430722,632000
656 1711042478 116735,400000 -1,000000 -101,000000 0,000000 0,000000
656 1711042479 2592,400000 -1,000000 -101,000000 0,000000 0,000000
656 1711042480 2592,400000 -1,000000 -101,000000 0,000000 0,000000
656 1711042481 2592,400000 -1,000000 -101,000000 0,000000 0,000000
656 1711042482 2592,400000 -1,000000 -101,000000 0,000000 0,000000
656 1711042483 2592,400000 -1,000000 -101,000000 0,000000 0,000000
656 1711042484 115992,000000 -1,000000 -101,000000 0,000000 0,000000
656 1711042485 115992,000000 -1,000000 -101,000000 0,000000 0,000000
656 1711042486 115992,000000 -1,000000 -101,000000 0,000000 0,000000
656 1711042487 115992,000000 -1,000000 -101,000000 0,000000 0,000000
656 1711042488 115992,000000 -1,000000 -101,000000 0,000000 0,000000
656 1711042489 119719,800000 -1,000000 -101,000000 0,000000 0,000000
656 1711042490 119719,800000 -1,000000 -101,000000 0,000000 0,000000
656 1711042491 119719,800000 -1,000000 -101,000000 0,000000 0,000000
656 1711042492 119719,800000 -1,000000 -101,000000 0,000000 0,000000
656 1711042493 119719,800000 -1,000000 -101,000000 0,000000 0,000000
656 1711042494 117269,600000 -1,000000 -101,000000 0,000000 0,000000
656 1711042495 117269,600000 -1,000000 -101,000000 0,000000 0,000000
656 1711042496 117269,600000 -1,000000 -101,000000 0,000000 0,000000
656 1711042497 117269,600000 -1,000000 -101,000000 0,000000 0,000000
656 1711042498 117269,600000 -1,000000 -101,000000 0,000000 0,000000
656 1711042499 118433,800000 -1,000000 -101,000000 0,000000 0,000000
656 1711042500 118433,800000 -1,000000 -101,000000 0,000000 0,000000
656 1711042501 118433,800000 -1,000000 -101,000000 0,000000 0,000000
656 1711042502 118433,800000 -1,000000 -101,000000 0,000000 0,000000
656 1711042503 118433,800000 -1,000000 -101,000000 0,000000 0,000000
656 1711042504 3268,000000 -1,000000 -101,000000 0,000000 0,000000
656 1711042505 3268,000000 -1,000000 -101,000000 0,000000 0,000000
656 1711042506 3268,000000 -1,000000 -101,000000 0,000000 0,000000
656 1711042507 3268,000000 -1,000000 -101,000000 0,000000 0,000000
656 1711042508 3268,000000 -1,000000 -101,000000 0,000000 0,000000
656 1711042509 118514,600000 -1,000000 -101,000000 0,000000 0,000000
656 1711042510 118514,600000 -1,000000 -101,000000 0,000000 0,000000
656 1711042511 118514,600000 -1,000000 -101,000000 0,000000 0,000000
656 1711042512 118514,600000 -1,000000 -101,000000 0,000000 0,000000
656 1711042513 118514,600000 -1,000000 -101,000000 0,000000 0,000000
656 1711042514 177190,400000 -1,000000 -101,000000 0,000000 0,000000
656 1711042515 177190,400000 -1,000000 -101,000000 0,000000 0,000000
656 1711042516 177190,400000 -1,000000 -101,000000 0,000000 0,000000
656 1711042517 177190,400000 -1,000000 -101,000000 0,000000 0,000000
656 1711042518 177190,400000 -1,000000 -101,000000 0,000000 0,000000
656 1711042519 118593,800000 -1,000000 -101,000000 0,000000 0,000000
656 1711042520 118593,800000 -1,000000 -101,000000 0,000000 0,000000
656 1711042521 118593,800000 -1,000000 -101,000000 0,000000 0,000000
656 1711042522 118593,800000 -1,000000 -101,000000 0,000000 0,000000
656 1711042523 118593,800000 -1,000000 -101,000000 0,000000 0,000000
656 1711042524 418,400000 -1,000000 -101,000000 0,000000 0,000000
656 1711042525 418,400000 -1,000000 -101,000000 0,000000 0,000000
656 1711042526 418,400000 -1,000000 -101,000000 0,000000 0,000000
656 1711042527 418,400000 -1,000000 -101,000000 0,000000 0,000000
656 1711042528 418,400000 -1,000000 -101,000000 0,000000 0,000000
656 1711042529 8005,000000 -1,000000 -101,000000 0,000000 0,000000
656 1711042530 8005,000000 -1,000000 -101,000000 0,000000 0,000000
656 1711042531 8005,000000 -1,000000 -101,000000 0,000000 0,000000
656 1711042532 8005,000000 -1,000000 -101,000000 0,000000 0,000000
656 1711042533 8005,000000 -1,000000 -101,000000 0,000000 0,000000
656 1711042534 115713,400000 -1,000000 -101,000000 0,000000 0,000000
656 1711042535 115713,400000 -1,000000 -101,000000 0,000000 0,000000
656 1711042536 115713,400000 -1,000000 -101,000000 0,000000 0,000000
656 1711042537 115713,400000 -1,000000 -101,000000 0,000000 0,000000
656 1711042538 115713,400000 -1,000000 -101,000000 0,000000 0,000000
656 1711042539 4576,800000 -1,000000 -101,000000 0,000000 0,000000
656 1711042540 4576,800000 -1,000000 -101,000000 0,000000 0,000000
656 1711042541 4576,800000 -1,000000 -101,000000 0,000000 0,000000
656 1711042542 4576,800000 -1,000000 -101,000000 0,000000 0,000000
656 1711042543 4576,800000 -1,000000 -101,000000 0,000000 0,000000
656 1711042544 346906,000000 -1,000000 -101,000000 0,000000 0,000000
656 1711042545 346906,000000 -1,000000 -101,000000 0,000000 0,000000
656 1711042546 346906,000000 -1,000000 -101,000000 0,000000 0,000000
656 1711042547 346906,000000 -1,000000 -101,000000 0,000000 0,000000
656 1711042548 346906,000000 -1,000000 -101,000000 0,000000 0,000000
656 1711042549 114883,400000 -1,000000 -101,000000 0,000000 0,000000
656 1711042550 114883,400000 -1,000000 -101,000000 0,000000 0,000000
656 1711042551 114883,400000 -1,000000 -101,000000 0,000000 0,000000
656 1711042552 114883,400000 -1,000000 -101,000000 0,000000 0,000000
656 1711042553 114883,400000 -1,000000 -101,000000 0,000000 0,000000
656 1711042554 6596,200000 -1,000000 -101,000000 0,000000 0,000000
656 1711042555 6596,200000 -1,000000 -101,000000 0,000000 0,000000
656 1711042556 6596,200000 -1,000000 -101,000000 0,000000 0,000000
656 1711042557 6596,200000 -1,000000 -101,000000 0,000000 0,000000
656 1711042558 6596,200000 -1,000000 -101,000000 0,000000 0,000000
656 1711042559 2975,200000 -1,000000 -101,000000 0,000000 0,000000
656 1711042560 2975,200000 -1,000000 -101,000000 0,000000 0,000000
656 1711042561 2975,200000 -1,000000 -101,000000 0,000000 0,000000
656 1711042562 2975,200000 -1,000000 -101,000000 0,000000 0,000000
656 1711042563 2975,200000 -1,000000 -101,000000 0,000000 0,000000
656 1711042564 120463,000000 -1,000000 -101,000000 0,000000 0,000000
656 1711042565 120463,000000 -1,000000 -101,000000 0,000000 0,000000
656 1711042566 120463,000000 -1,000000 -101,000000 0,000000 0,000000
656 1711042567 120463,000000 -1,000000 -101,000000 0,000000 0,000000
656 1711042568 120463,000000 -1,000000 -101,000000 0,000000 0,000000
656 1711042569 692,000000 -1,000000 -101,000000 0,000000 0,000000
656 1711042570 692,000000 -1,000000 -101,000000 0,000000 0,000000
656 1711042571 692,000000 -1,000000 -101,000000 0,000000 0,000000
656 1711042572 692,000000 -1,000000 -101,000000 0,000000 0,000000
656 1711042573 692,000000 -1,000000 -101,000000 0,000000 0,000000
656 1711042574 3734,000000 -1,000000 -101,000000 0,000000 0,000000
656 1711042575 3734,000000 -1,000000 -101,000000 0,000000 0,000000
656 1711042576 3734,000000 -1,000000 -101,000000 0,000000 0,000000
656 1711042577 3734,000000 -1,000000 -101,000000 0,000000 0,000000
656 1711042578 3734,000000 -1,000000 -101,000000 0,000000 0,000000
656 1711042579 116960,600000 -1,000000 -101,000000 0,000000 0,000000
656 1711042580 116960,600000 -1,000000 -101,000000 0,000000 0,000000
656 1711042581 116960,600000 -1,000000 -101,000000 0,000000 0,000000
656 1711042582 116960,600000 -1,000000 -101,000000 0,000000 0,000000
656 1711042583 116960,600000 -1,000000 -101,000000 0,000000 0,000000
656 1711042584 116260,200000 -1,000000 -101,000000 0,000000 0,000000
656 1711042585 116260,200000 -1,000000 -101,000000 0,000000 0,000000
656 1711042586 116260,200000 -1,000000 -101,000000 0,000000 0,000000
656 1711042587 116260,200000 -1,000000 -101,000000 0,000000 0,000000
656 1711042588 116260,200000 -1,000000 -101,000000 0,000000 0,000000
656 1711042589 233634,800000 -1,000000 -101,000000 0,000000 0,000000
656 1711042590 233634,800000 -1,000000 -101,000000 0,000000 0,000000
656 1711042591 233634,800000 -1,000000 -101,000000 0,000000 0,000000
656 1711042592 233634,800000 -1,000000 -101,000000 0,000000 0,000000
656 1711042593 233634,800000 -1,000000 -101,000000 0,000000 0,000000
656 1711042594 117227,000000 -1,000000 -101,000000 0,000000 0,000000
656 1711042595 117227,000000 -1,000000 -101,000000 0,000000 0,000000
656 1711042596 117227,000000 -1,000000 -101,000000 0,000000 0,000000
656 1711042597 117227,000000 -1,000000 -101,000000 0,000000 0,000000
656 1711042598 117227,000000 -1,000000 -101,000000 0,000000 0,000000
656 1711042599 6437,200000 -1,000000 -101,000000 0,000000 0,000000
656 1711042600 6437,200000 -1,000000 -101,000000 0,000000 0,000000
656 1711042601 6437,200000 -1,000000 -101,000000 0,000000 0,000000
656 1711042602 6437,200000 -1,000000 -101,000000 0,000000 0,000000
656 1711042603 6437,200000 -1,000000 -101,000000 0,000000 0,000000
656 1711042604 61814,200000 -1,000000 -101,000000 0,000000 0,000000
656 1711042605 61814,200000 -1,000000 -101,000000 0,000000 0,000000
656 1711042606 61814,200000 -1,000000 -101,000000 0,000000 0,000000
656 1711042607 61814,200000 -1,000000 -101,000000 0,000000 0,000000
656 1711042608 61814,200000 -1,000000 -101,000000 0,000000 0,000000
656 1711042609 120005,200000 -1,000000 -101,000000 0,000000 0,000000
656 1711042610 120005,200000 -1,000000 -101,000000 0,000000 0,000000
656 1711042611 120005,200000 -1,000000 -101,000000 0,000000 0,000000
656 1711042612 120005,200000 -1,000000 -101,000000 0,000000 0,000000
656 1711042613 120005,200000 -1,000000 -101,000000 0,000000 0,000000
656 1711042614 1746,400000 -1,000000 -101,000000 0,000000 0,000000
656 1711042615 1746,400000 -1,000000 -101,000000 0,000000 0,000000
656 1711042616 1746,400000 -1,000000 -101,000000 0,000000 0,000000
656 1711042617 1746,400000 -1,000000 -101,000000 0,000000 0,000000
656 1711042618 1746,400000 -1,000000 -101,000000 0,000000 0,000000
656 1711042619 118286,800000 -1,000000 -101,000000 0,000000 0,000000
656 1711042620 118286,800000 -1,000000 -101,000000 0,000000 0,000000
656 1711042621 118286,800000 -1,000000 -101,000000 0,000000 0,000000
656 1711042622 118286,800000 -1,000000 -101,000000 0,000000 0,000000
656 1711042623 118286,800000 -1,000000 -101,000000 0,000000 0,000000
656 1711042624 117045,600000 -1,000000 -101,000000 0,000000 0,000000
656 1711042625 117045,600000 -1,000000 -101,000000 0,000000 0,000000
656 1711042626 117045,600000 -1,000000 -101,000000 0,000000 0,000000
656 1711042627 117045,600000 -1,000000 -101,000000 0,000000 0,000000
656 1711042628 117045,600000 -1,000000 -101,000000 0,000000 0,000000
656 1711042629 116746,000000 -1,000000 -101,000000 0,000000 0,000000
656 1711042630 116746,000000 -1,000000 -101,000000 0,000000 0,000000
656 1711042631 116746,000000 -1,000000 -101,000000 0,000000 0,000000
656 1711042632 116746,000000 -1,000000 -101,000000 0,000000 0,000000
656 1711042633 116746,000000 -1,000000 -101,000000 0,000000 0,000000
656 1711042634 117957,600000 -1,000000 -101,000000 0,000000 0,000000
656 1711042635 117957,600000 -1,000000 -101,000000 0,000000 0,000000
656 1711042636 117957,600000 -1,000000 -101,000000 0,000000 0,000000
656 1711042637 117957,600000 -1,000000 -101,000000 0,000000 0,000000
656 1711042638 117957,600000 -1,000000 -101,000000 0,000000 0,000000
656 1711042639 117508,400000 -1,000000 -101,000000 0,000000 0,000000
656 1711042640 117508,400000 -1,000000 -101,000000 0,000000 0,000000
656 1711042641 117508,400000 -1,000000 -101,000000 0,000000 0,000000
656 1711042642 117508,400000 -1,000000 -101,000000 0,000000 0,000000
656 1711042643 117508,400000 -1,000000 -101,000000 0,000000 0,000000
656 1711042644 5753,800000 -1,000000 -101,000000 0,000000 0,000000
656 1711042645 5753,800000 -1,000000 -101,000000 0,000000 0,000000
656 1711042646 5753,800000 -1,000000 -101,000000 0,000000 0,000000
656 1711042647 5753,800000 -1,000000 -101,000000 0,000000 0,000000
656 1711042648 5753,800000 -1,000000 -101,000000 0,000000 0,000000
656 1711042649 2163,200000 -1,000000 -101,000000 0,000000 0,000000
656 1711042650 2163,200000 -1,000000 -101,000000 0,000000 0,000000
656 1711042651 2163,200000 -1,000000 -101,000000 0,000000 0,000000
656 1711042652 2163,200000 -1,000000 -101,000000 0,000000 0,000000
656 1711042653 2163,200000 -1,000000 -101,000000 0,000000 0,000000
656 1711042654 231500,400000 -1,000000 -101,000000 0,000000 0,000000
656 1711042655 231500,400000 -1,000000 -101,000000 0,000000 0,000000
656 1711042656 231500,400000 -1,000000 -101,000000 0,000000 0,000000
656 1711042657 231500,400000 -1,000000 -101,000000 0,000000 0,000000
656 1711042658 231500,400000 -1,000000 -101,000000 0,000000 0,000000
656 1711042659 1525,600000 -1,000000 -101,000000 0,000000 0,000000
656 1711042660 1525,600000 -1,000000 -101,000000 0,000000 0,000000
656 1711042661 1525,600000 -1,000000 -101,000000 0,000000 0,000000
656 1711042662 1525,600000 -1,000000 -101,000000 0,000000 0,000000
656 1711042663 1525,600000 -1,000000 -101,000000 0,000000 0,000000
656 1711042664 4322,000000 -1,000000 -101,000000 0,000000 0,000000
656 1711042665 4322,000000 -1,000000 -101,000000 0,000000 0,000000
656 1711042666 4322,000000 -1,000000 -101,000000 0,000000 0,000000
656 1711042667 4322,000000 -1,000000 -101,000000 0,000000 0,000000
656 1711042668 4322,000000 -1,000000 -101,000000 0,000000 0,000000
656 1711042669 117998,200000 -1,000000 -101,000000 0,000000 0,000000
656 1711042670 117998,200000 -1,000000 -101,000000 0,000000 0,000000
656 1711042671 117998,200000 -1,000000 -101,000000 0,000000 0,000000
656 1711042672 117998,200000 -1,000000 -101,000000 0,000000 0,000000
656 1711042673 117998,200000 -1,000000 -101,000000 0,000000 0,000000
656 1711042674 117951,200000 -1,000000 -101,000000 0,000000 0,000000
656 1711042675 117951,200000 -1,000000 -101,000000 0,000000 0,000000
656 1711042676 117951,200000 -1,000000 -101,000000 0,000000 0,000000
656 1711042677 117951,200000 -1,000000 -101,000000 0,000000 0,000000
656 1711042678 117951,200000 -1,000000 -101,000000 0,000000 0,000000
656 1711042679 117611,800000 -1,000000 -101,000000 0,000000 0,000000
656 1711042680 117611,800000 -1,000000 -101,000000 0,000000 0,000000
656 1711042681 117611,800000 -1,000000 -101,000000 0,000000 0,000000
656 1711042682 117611,800000 -1,000000 -101,000000 0,000000 0,000000
656 1711042683 117611,800000 -1,000000 -101,000000 0,000000 0,000000
656 1711042684 116554,200000 -1,000000 -101,000000 0,000000 0,000000
656 1711042685 116554,200000 -1,000000 -101,000000 0,000000 0,000000
656 1711042686 116554,200000 -1,000000 -101,000000 0,000000 0,000000
656 1711042687 116554,200000 -1,000000 -101,000000 0,000000 0,000000
656 1711042688 116554,200000 -1,000000 -101,000000 0,000000 0,000000
656 1711042689 120495,600000 -1,000000 -101,000000 0,000000 0,000000
656 1711042690 120495,600000 -1,000000 -101,000000 0,000000 0,000000
656 1711042691 120495,600000 -1,000000 -101,000000 0,000000 0,000000
656 1711042692 120495,600000 -1,000000 -101,000000 0,000000 0,000000
656 1711042693 120495,600000 -1,000000 -101,000000 0,000000 0,000000
656 1711042694 62404,800000 -1,000000 -101,000000 0,000000 0,000000
656 1711042695 62404,800000 -1,000000 -101,000000 0,000000 0,000000
656 1711042696 62404,800000 -1,000000 -101,000000 0,000000 0,000000
656 1711042697 62404,800000 -1,000000 -101,000000 0,000000 0,000000
656 1711042698 62404,800000 -1,000000 -101,000000 0,000000 0,000000
656 1711042699 122076,800000 -1,000000 -101,000000 0,000000 0,000000
656 1711042700 122076,800000 -1,000000 -101,000000 0,000000 0,000000
656 1711042701 122076,800000 -1,000000 -101,000000 0,000000 0,000000
656 1711042702 122076,800000 -1,000000 -101,000000 0,000000 0,000000
656 1711042703 122076,800000 -1,000000 -101,000000 0,000000 0,000000
656 1711042704 3900,800000 -1,000000 -101,000000 0,000000 0,000000
656 1711042705 3900,800000 -1,000000 -101,000000 0,000000 0,000000
656 1711042706 3900,800000 -1,000000 -101,000000 0,000000 0,000000
656 1711042707 3900,800000 -1,000000 -101,000000 0,000000 0,000000
656 1711042708 3900,800000 -1,000000 -101,000000 0,000000 0,000000
656 1711042709 118710,400000 -1,000000 -101,000000 0,000000 0,000000
656 1711042710 118710,400000 -1,000000 -101,000000 0,000000 0,000000
656 1711042711 118710,400000 -1,000000 -101,000000 0,000000 0,000000
656 1711042712 118710,400000 -1,000000 -101,000000 0,000000 0,000000
656 1711042713 118710,400000 -1,000000 -101,000000 0,000000 0,000000
656 1711042714 115341,400000 -1,000000 -101,000000 0,000000 0,000000
656 1711042715 115341,400000 -1,000000 -101,000000 0,000000 0,000000
656 1711042716 115341,400000 -1,000000 -101,000000 0,000000 0,000000
656 1711042717 115341,400000 -1,000000 -101,000000 0,000000 0,000000
656 1711042718 115341,400000 -1,000000 -101,000000 0,000000 0,000000
656 1711042719 2290,400000 -1,000000 -101,000000 0,000000 0,000000
656 1711042720 2290,400000 -1,000000 -101,000000 0,000000 0,000000
656 1711042721 2290,400000 -1,000000 -101,000000 0,000000 0,000000
656 1711042722 2290,400000 -1,000000 -101,000000 0,000000 0,000000
656 1711042723 2290,400000 -1,000000 -101,000000 0,000000 0,000000
656 1711042724 121529,200000 -1,000000 -101,000000 0,000000 0,000000
656 1711042725 121529,200000 -1,000000 -101,000000 0,000000 0,000000
656 1711042726 121529,200000 -1,000000 -101,000000 0,000000 0,000000
656 1711042727 121529,200000 -1,000000 -101,000000 0,000000 0,000000
656 1711042728 121529,200000 -1,000000 -101,000000 0,000000 0,000000
656 1711042729 114764,600000 -1,000000 -101,000000 0,000000 0,000000
656 1711042730 114764,600000 -1,000000 -101,000000 0,000000 0,000000
656 1711042731 114764,600000 -1,000000 -101,000000 0,000000 0,000000
656 1711042732 114764,600000 -1,000000 -101,000000 0,000000 0,000000
656 1711042733 114764,600000 -1,000000 -101,000000 0,000000 0,000000
656 1711042734 118356,800000 -1,000000 -101,000000 0,000000 0,000000
656 1711042735 118356,800000 -1,000000 -101,000000 0,000000 0,000000
656 1711042736 118356,800000 -1,000000 -101,000000 0,000000 0,000000
656 1711042737 118356,800000 -1,000000 -101,000000 0,000000 0,000000
656 1711042738 118356,800000 -1,000000 -101,000000 0,000000 0,000000
656 1711042739 2430,600000 -1,000000 -101,000000 0,000000 0,000000
656 1711042740 2430,600000 -1,000000 -101,000000 0,000000 0,000000
656 1711042741 2430,600000 -1,000000 -101,000000 0,000000 0,000000
656 1711042742 2430,600000 -1,000000 -101,000000 0,000000 0,000000
656 1711042743 2430,600000 -1,000000 -101,000000 0,000000 0,000000
656 1711042744 117860,600000 -1,000000 -101,000000 0,000000 0,000000
656 1711042745 117860,600000 -1,000000 -101,000000 0,000000 0,000000
656 1711042746 117860,600000 -1,000000 -101,000000 0,000000 0,000000
656 1711042747 117860,600000 -1,000000 -101,000000 0,000000 0,000000
656 1711042748 117860,600000 -1,000000 -101,000000 0,000000 0,000000
656 1711042749 2361,000000 -1,000000 -101,000000 0,000000 0,000000
656 1711042750 2361,000000 -1,000000 -101,000000 0,000000 0,000000
656 1711042751 2361,000000 -1,000000 -101,000000 0,000000 0,000000
656 1711042752 2361,000000 -1,000000 -101,000000 0,000000 0,000000
656 1711042753 2361,000000 -1,000000 -101,000000 0,000000 0,000000
656 1711042754 116640,400000 -1,000000 -101,000000 0,000000 0,000000
656 1711042755 116640,400000 -1,000000 -101,000000 0,000000 0,000000
656 1711042756 116640,400000 -1,000000 -101,000000 0,000000 0,000000
656 1711042757 116640,400000 -1,000000 -101,000000 0,000000 0,000000
656 1711042758 116640,400000 -1,000000 -101,000000 0,000000 0,000000
656 1711042759 116639,200000 -1,000000 -101,000000 0,000000 0,000000
656 1711042760 116639,200000 -1,000000 -101,000000 0,000000 0,000000
656 1711042761 116639,200000 -1,000000 -101,000000 0,000000 0,000000
656 1711042762 116639,200000 -1,000000 -101,000000 0,000000 0,000000
656 1711042763 116639,200000 -1,000000 -101,000000 0,000000 0,000000
656 1711042764 116619,800000 -1,000000 -101,000000 0,000000 0,000000
656 1711042765 116619,800000 -1,000000 -101,000000 0,000000 0,000000
656 1711042766 116619,800000 -1,000000 -101,000000 0,000000 0,000000
656 1711042767 116619,800000 -1,000000 -101,000000 0,000000 0,000000
656 1711042768 116619,800000 -1,000000 -101,000000 0,000000 0,000000
656 1711042769 120853,400000 -1,000000 -101,000000 0,000000 0,000000
656 1711042770 120853,400000 -1,000000 -101,000000 0,000000 0,000000
656 1711042771 120853,400000 -1,000000 -101,000000 0,000000 0,000000
656 1711042772 120853,400000 -1,000000 -101,000000 0,000000 0,000000
656 1711042773 120853,400000 -1,000000 -101,000000 0,000000 0,000000
656 1711042774 678,800000 -1,000000 -101,000000 0,000000 0,000000
656 1711042775 678,800000 -1,000000 -101,000000 0,000000 0,000000
656 1711042776 678,800000 -1,000000 -101,000000 0,000000 0,000000
656 1711042777 678,800000 -1,000000 -101,000000 0,000000 0,000000
656 1711042778 678,800000 -1,000000 -101,000000 0,000000 0,000000
656 1711042779 5946,400000 -1,000000 -101,000000 0,000000 0,000000
656 1711042780 5946,400000 -1,000000 -101,000000 0,000000 0,000000
656 1711042781 5946,400000 -1,000000 -101,000000 0,000000 0,000000
656 1711042782 5946,400000 -1,000000 -101,000000 0,000000 0,000000
656 1711042783 5946,400000 -1,000000 -101,000000 0,000000 0,000000
656 1711042784 294275,600000 -1,000000 -101,000000 0,000000 0,000000
656 1711042785 294275,600000 -1,000000 -101,000000 0,000000 0,000000
656 1711042786 294275,600000 -1,000000 -101,000000 0,000000 0,000000
656 1711042787 294275,600000 -1,000000 -101,000000 0,000000 0,000000
656 1711042788 294275,600000 -1,000000 -101,000000 0,000000 0,000000
656 1711042789 232723,600000 -1,000000 -101,000000 0,000000 0,000000
656 1711042790 232723,600000 -1,000000 -101,000000 0,000000 0,000000
656 1711042791 232723,600000 -1,000000 -101,000000 0,000000 0,000000
656 1711042792 232723,600000 -1,000000 -101,000000 0,000000 0,000000
656 1711042793 232723,600000 -1,000000 -101,000000 0,000000 0,000000
656 1711042794 2625,800000 -1,000000 -101,000000 0,000000 0,000000
656 1711042795 2625,800000 -1,000000 -101,000000 0,000000 0,000000
656 1711042796 2625,800000 -1,000000 -101,000000 0,000000 0,000000
656 1711042797 2625,800000 -1,000000 -101,000000 0,000000 0,000000
656 1711042798 2625,800000 -1,000000 -101,000000 0,000000 0,000000
656 1711042799 4842,800000 -1,000000 -101,000000 0,000000 0,000000
656 1711042800 4842,800000 -1,000000 -101,000000 0,000000 0,000000
656 1711042801 4842,800000 -1,000000 -101,000000 0,000000 0,000000
656 1711042802 4842,800000 -1,000000 -101,000000 0,000000 0,000000
656 1711042803 4842,800000 -1,000000 -101,000000 0,000000 0,000000
656 1711042804 117039,200000 -1,000000 -101,000000 0,000000 0,000000
656 1711042805 117039,200000 -1,000000 -101,000000 0,000000 0,000000
656 1711042806 117039,200000 -1,000000 -101,000000 0,000000 0,000000
656 1711042807 117039,200000 -1,000000 -101,000000 0,000000 0,000000
656 1711042808 117039,200000 -1,000000 -101,000000 0,000000 0,000000
656 1711042809 3763,800000 -1,000000 -101,000000 0,000000 0,000000
656 1711042810 3763,800000 -1,000000 -101,000000 0,000000 0,000000
656 1711042811 3763,800000 -1,000000 -101,000000 0,000000 0,000000
656 1711042812 3763,800000 -1,000000 -101,000000 0,000000 0,000000
656 1711042813 3763,800000 -1,000000 -101,000000 0,000000 0,000000
656 1711042814 121456,600000 -1,000000 -101,000000 0,000000 0,000000
656 1711042815 121456,600000 -1,000000 -101,000000 0,000000 0,000000
656 1711042816 121456,600000 -1,000000 -101,000000 0,000000 0,000000
656 1711042817 121456,600000 -1,000000 -101,000000 0,000000 0,000000
656 1711042818 121456,600000 -1,000000 -101,000000 0,000000 0,000000
656 1711042819 2586,000000 -1,000000 -101,000000 0,000000 0,000000
656 1711042820 2586,000000 -1,000000 -101,000000 0,000000 0,000000
656 1711042821 2586,000000 -1,000000 -101,000000 0,000000 0,000000
656 1711042822 2586,000000 -1,000000 -101,000000 0,000000 0,000000
656 1711042823 2586,000000 -1,000000 -101,000000 0,000000 0,000000
656 1711042824 5803,600000 -1,000000 -101,000000 0,000000 0,000000
656 1711042825 5803,600000 -1,000000 -101,000000 0,000000 0,000000
656 1711042826 5803,600000 -1,000000 -101,000000 0,000000 0,000000
656 1711042827 5803,600000 -1,000000 -101,000000 0,000000 0,000000
656 1711042828 5803,600000 -1,000000 -101,000000 0,000000 0,000000
656 1711042829 115035,000000 -1,000000 -101,000000 0,000000 0,000000
656 1711042830 115035,000000 -1,000000 -101,000000 0,000000 0,000000
656 1711042831 115035,000000 -1,000000 -101,000000 0,000000 0,000000
656 1711042832 115035,000000 -1,000000 -101,000000 0,000000 0,000000
656 1711042833 115035,000000 -1,000000 -101,000000 0,000000 0,000000
656 1711042834 230957,600000 -1,000000 -101,000000 0,000000 0,000000
656 1711042835 230957,600000 -1,000000 -101,000000 0,000000 0,000000
656 1711042836 230957,600000 -1,000000 -101,000000 0,000000 0,000000
656 1711042837 230957,600000 -1,000000 -101,000000 0,000000 0,000000
656 1711042838 230957,600000 -1,000000 -101,000000 0,000000 0,000000
656 1711042839 115090,000000 -1,000000 -101,000000 0,000000 0,000000
656 1711042840 115090,000000 -1,000000 -101,000000 0,000000 0,000000
656 1711042841 115090,000000 -1,000000 -101,000000 0,000000 0,000000
656 1711042842 115090,000000 -1,000000 -101,000000 0,000000 0,000000
656 1711042843 115090,000000 -1,000000 -101,000000 0,000000 0,000000
656 1711042844 2558,600000 -1,000000 -101,000000 0,000000 0,000000
656 1711042845 2558,600000 -1,000000 -101,000000 0,000000 0,000000
656 1711042846 2558,600000 -1,000000 -101,000000 0,000000 0,000000
656 1711042847 2558,600000 -1,000000 -101,000000 0,000000 0,000000
656 1711042848 2558,600000 -1,000000 -101,000000 0,000000 0,000000
656 1711042849 117585,600000 -1,000000 -101,000000 0,000000 0,000000
656 1711042850 117585,600000 -1,000000 -101,000000 0,000000 0,000000
656 1711042851 117585,600000 -1,000000 -101,000000 0,000000 0,000000
656 1711042852 117585,600000 -1,000000 -101,000000 0,000000 0,000000
656 1711042853 117585,600000 -1,000000 -101,000000 0,000000 0,000000
656 1711042854 1746,400000 -1,000000 -101,000000 0,000000 0,000000
656 1711042855 1746,400000 -1,000000 -101,000000 0,000000 0,000000
656 1711042856 1746,400000 -1,000000 -101,000000 0,000000 0,000000
656 1711042857 1746,400000 -1,000000 -101,000000 0,000000 0,000000
656 1711042858 1746,400000 -1,000000 -101,000000 0,000000 0,000000
656 1711042859 120429,800000 -1,000000 -101,000000 0,000000 0,000000
656 1711042860 120429,800000 -1,000000 -101,000000 0,000000 0,000000
656 1711042861 120429,800000 -1,000000 -101,000000 0,000000 0,000000
656 1711042862 120429,800000 -1,000000 -101,000000 0,000000 0,000000
656 1711042863 120429,800000 -1,000000 -101,000000 0,000000 0,000000
656 1711042864 441,600000 -1,000000 -101,000000 0,000000 0,000000
656 1711042865 441,600000 -1,000000 -101,000000 0,000000 0,000000
656 1711042866 441,600000 -1,000000 -101,000000 0,000000 0,000000
656 1711042867 441,600000 -1,000000 -101,000000 0,000000 0,000000
656 1711042868 441,600000 -1,000000 -101,000000 0,000000 0,000000
656 1711042869 119789,000000 -1,000000 -101,000000 0,000000 0,000000
656 1711042870 119789,000000 -1,000000 -101,000000 0,000000 0,000000
656 1711042871 119789,000000 -1,000000 -101,000000 0,000000 0,000000
656 1711042872 119789,000000 -1,000000 -101,000000 0,000000 0,000000
656 1711042873 119789,000000 -1,000000 -101,000000 0,000000 0,000000
656 1711042874 176237,800000 -1,000000 -101,000000 0,000000 0,000000
656 1711042875 176237,800000 -1,000000 -101,000000 0,000000 0,000000
656 1711042876 176237,800000 -1,000000 -101,000000 0,000000 0,000000
656 1711042877 176237,800000 -1,000000 -101,000000 0,000000 0,000000
656 1711042878 176237,800000 -1,000000 -101,000000 0,000000 0,000000
656 1711042879 234732,800000 -1,000000 -101,000000 0,000000 0,000000
656 1711042880 234732,800000 -1,000000 -101,000000 0,000000 0,000000
656 1711042881 234732,800000 -1,000000 -101,000000 0,000000 0,000000
656 1711042882 234732,800000 -1,000000 -101,000000 0,000000 0,000000
656 1711042883 234732,800000 -1,000000 -101,000000 0,000000 0,000000
656 1711042884 114842,000000 -1,000000 -101,000000 0,000000 0,000000
656 1711042885 114842,000000 -1,000000 -101,000000 0,000000 0,000000
656 1711042886 114842,000000 -1,000000 -101,000000 0,000000 0,000000
656 1711042887 114842,000000 -1,000000 -101,000000 0,000000 0,000000
656 1711042888 114842,000000 -1,000000 -101,000000 0,000000 0,000000
656 1711042889 6751,000000 -1,000000 -101,000000 0,000000 0,000000
656 1711042890 6751,000000 -1,000000 -101,000000 0,000000 0,000000
656 1711042891 6751,000000 -1,000000 -101,000000 0,000000 0,000000
656 1711042892 6751,000000 -1,000000 -101,000000 0,000000 0,000000
656 1711042893 6751,000000 -1,000000 -101,000000 0,000000 0,000000
656 1711042894 118377,600000 -1,000000 -101,000000 0,000000 0,000000
656 1711042895 118377,600000 -1,000000 -101,000000 0,000000 0,000000
656 1711042896 118377,600000 -1,000000 -101,000000 0,000000 0,000000
656 1711042897 118377,600000 -1,000000 -101,000000 0,000000 0,000000
656 1711042898 118377,600000 -1,000000 -101,000000 0,000000 0,000000
656 1711042899 5293,000000 -1,000000 -101,000000 0,000000 0,000000
656 1711042900 5293,000000 -1,000000 -101,000000 0,000000 0,000000
656 1711042901 5293,000000 -1,000000 -101,000000 0,000000 0,000000
656 1711042902 5293,000000 -1,000000 -101,000000 0,000000 0,000000
656 1711042903 5293,000000 -1,000000 -101,000000 0,000000 0,000000
656 1711042904 119454,200000 -1,000000 -101,000000 0,000000 0,000000
656 1711042905 119454,200000 -1,000000 -101,000000 0,000000 0,000000
656 1711042906 119454,200000 -1,000000 -101,000000 0,000000 0,000000
656 1711042907 119454,200000 -1,000000 -101,000000 0,000000 0,000000
656 1711042908 119454,200000 -1,000000 -101,000000 0,000000 0,000000
656 1711042909 792,200000 -1,000000 -101,000000 0,000000 0,000000
656 1711042910 792,200000 -1,000000 -101,000000 0,000000 0,000000
656 1711042911 792,200000 -1,000000 -101,000000 0,000000 0,000000
656 1711042912 792,200000 -1,000000 -101,000000 0,000000 0,000000
656 1711042913 792,200000 -1,000000 -101,000000 0,000000 0,000000
656 1711042914 121614,000000 -1,000000 -101,000000 0,000000 0,000000
656 1711042915 121614,000000 -1,000000 -101,000000 0,000000 0,000000
656 1711042916 121614,000000 -1,000000 -101,000000 0,000000 0,000000
656 1711042917 121614,000000 -1,000000 -101,000000 0,000000 0,000000
656 1711042918 121614,000000 -1,000000 -101,000000 0,000000 0,000000
656 1711042919 546,000000 -1,000000 -101,000000 0,000000 0,000000
656 1711042920 546,000000 -1,000000 -101,000000 0,000000 0,000000
656 1711042921 546,000000 -1,000000 -101,000000 0,000000 0,000000
656 1711042922 546,000000 -1,000000 -101,000000 0,000000 0,000000
656 1711042923 546,000000 -1,000000 -101,000000 0,000000 0,000000
656 1711042924 120920,600000 -1,000000 -101,000000 0,000000 0,000000
656 1711042925 120920,600000 -1,000000 -101,000000 0,000000 0,000000
656 1711042926 120920,600000 -1,000000 -101,000000 0,000000 0,000000
656 1711042927 120920,600000 -1,000000 -101,000000 0,000000 0,000000
656 1711042928 120920,600000 -1,000000 -101,000000 0,000000 0,000000
656 1711042929 117082,600000 -1,000000 -101,000000 0,000000 0,000000
656 1711042930 117082,600000 -1,000000 -101,000000 0,000000 0,000000
656 1711042931 117082,600000 -1,000000 -101,000000 0,000000 0,000000
656 1711042932 117082,600000 -1,000000 -101,000000 0,000000 0,000000
656 1711042933 117082,600000 -1,000000 -101,000000 0,000000 0,000000
656 1711042934 3075,400000 -1,000000 -101,000000 0,000000 0,000000
656 1711042935 3075,400000 -1,000000 -101,000000 0,000000 0,000000
656 1711042936 3075,400000 -1,000000 -101,000000 0,000000 0,000000
656 1711042937 3075,400000 -1,000000 -101,000000 0,000000 0,000000
656 1711042938 3075,400000 -1,000000 -101,000000 0,000000 0,000000
656 1711042939 116864,400000 -1,000000 -101,000000 0,000000 0,000000
656 1711042940 116864,400000 -1,000000 -101,000000 0,000000 0,000000
656 1711042941 116864,400000 -1,000000 -101,000000 0,000000 0,000000
656 1711042942 116864,400000 -1,000000 -101,000000 0,000000 0,000000
656 1711042943 116864,400000 -1,000000 -101,000000 0,000000 0,000000
656 1711042944 1645,200000 -1,000000 -101,000000 0,000000 0,000000
656 1711042945 1645,200000 -1,000000 -101,000000 0,000000 0,000000
656 1711042946 1645,200000 -1,000000 -101,000000 0,000000 0,000000
656 1711042947 1645,200000 -1,000000 -101,000000 0,000000 0,000000
656 1711042948 1645,200000 -1,000000 -101,000000 0,000000 0,000000
656 1711042949 345694,200000 -1,000000 -101,000000 0,000000 0,000000
656 1711042950 345694,200000 -1,000000 -101,000000 0,000000 0,000000
656 1711042951 345694,200000 -1,000000 -101,000000 0,000000 0,000000
656 1711042952 345694,200000 -1,000000 -101,000000 0,000000 0,000000
656 1711042953 345694,200000 -1,000000 -101,000000 0,000000 0,000000
656 1711042954 778,200000 -1,000000 -101,000000 0,000000 0,000000
656 1711042955 778,200000 -1,000000 -101,000000 0,000000 0,000000
656 1711042956 778,200000 -1,000000 -101,000000 0,000000 0,000000
656 1711042957 778,200000 -1,000000 -101,000000 0,000000 0,000000
656 1711042958 778,200000 -1,000000 -101,000000 0,000000 0,000000
656 1711042959 4452,800000 -1,000000 -101,000000 0,000000 0,000000
656 1711042960 4452,800000 -1,000000 -101,000000 0,000000 0,000000
656 1711042961 4452,800000 -1,000000 -101,000000 0,000000 0,000000
656 1711042962 4452,800000 -1,000000 -101,000000 0,000000 0,000000
656 1711042963 4452,800000 -1,000000 -101,000000 0,000000 0,000000
656 1711042964 61273,200000 -1,000000 -101,000000 0,000000 0,000000
656 1711042965 61273,200000 -1,000000 -101,000000 0,000000 0,000000
656 1711042966 61273,200000 -1,000000 -101,000000 0,000000 0,000000
656 1711042967 61273,200000 -1,000000 -101,000000 0,000000 0,000000
656 1711042968 61273,200000 -1,000000 -101,000000 0,000000 0,000000
656 1711042969 121806,400000 -1,000000 -101,000000 0,000000 0,000000
656 1711042970 121806,400000 -1,000000 -101,000000 0,000000 0,000000
656 1711042971 121806,400000 -1,000000 -101,000000 0,000000 0,000000
656 1711042972 121806,400000 -1,000000 -101,000000 0,000000 0,000000
656 1711042973 121806,400000 -1,000000 -101,000000 0,000000 0,000000
656 1711042974 115027,800000 -1,000000 -101,000000 0,000000 0,000000
656 1711042975 115027,800000 -1,000000 -101,000000 0,000000 0,000000
656 1711042976 115027,800000 -1,000000 -101,000000 0,000000 0,000000
656 1711042977 115027,800000 -1,000000 -101,000000 0,000000 0,000000
656 1711042978 115027,800000 -1,000000 -101,000000 0,000000 0,000000
656 1711042979 5067,400000 -1,000000 -101,000000 0,000000 0,000000
656 1711042980 5067,400000 -1,000000 -101,000000 0,000000 0,000000
656 1711042981 5067,400000 -1,000000 -101,000000 0,000000 0,000000
656 1711042982 5067,400000 -1,000000 -101,000000 0,000000 0,000000
656 1711042983 5067,400000 -1,000000 -101,000000 0,000000 0,000000
656 1711042984 230572,800000 -1,000000 -101,000000 0,000000 0,000000
656 1711042985 230572,800000 -1,000000 -101,000000 0,000000 0,000000
656 1711042986 230572,800000 -1,000000 -101,000000 0,000000 0,000000
656 1711042987 230572,800000 -1,000000 -101,000000 0,000000 0,000000
656 1711042988 230572,800000 -1,000000 -101,000000 0,000000 0,000000
656 1711042989 116265,200000 -1,000000 -101,000000 0,000000 0,000000
656 1711042990 116265,200000 -1,000000 -101,000000 0,000000 0,000000
656 1711042991 116265,200000 -1,000000 -101,000000 0,000000 0,000000
656 1711042992 116265,200000 -1,000000 -101,000000 0,000000 0,000000
656 1711042993 116265,200000 -1,000000 -101,000000 0,000000 0,000000
656 1711042994 234318,200000 -1,000000 -101,000000 0,000000 0,000000
656 1711042995 234318,200000 -1,000000 -101,000000 0,000000 0,000000
656 1711042996 234318,200000 -1,000000 -101,000000 0,000000 0,000000
656 1711042997 234318,200000 -1,000000 -101,000000 0,000000 0,000000
656 1711042998 234318,200000 -1,000000 -101,000000 0,000000 0,000000
656 1711042999 4864,800000 -1,000000 -101,000000 0,000000 0,000000
656 1711043000 4864,800000 -1,000000 -101,000000 0,000000 0,000000
656 1711043001 4864,800000 -1,000000 -101,000000 0,000000 0,000000
656 1711043002 4864,800000 -1,000000 -101,000000 0,000000 0,000000
656 1711043003 4864,800000 -1,000000 -101,000000 0,000000 0,000000
656 1711043004 6198,200000 -1,000000 -101,000000 0,000000 0,000000
656 1711043005 6198,200000 -1,000000 -101,000000 0,000000 0,000000
656 1711043006 6198,200000 -1,000000 -101,000000 0,000000 0,000000
656 1711043007 6198,200000 -1,000000 -101,000000 0,000000 0,000000
656 1711043008 6198,200000 -1,000000 -101,000000 0,000000 0,000000
656 1711043009 4438,200000 -1,000000 -101,000000 0,000000 0,000000
656 1711043010 4438,200000 -1,000000 -101,000000 0,000000 0,000000
656 1711043011 4438,200000 -1,000000 -101,000000 0,000000 0,000000
656 1711043012 4438,200000 -1,000000 -101,000000 0,000000 0,000000
656 1711043013 4438,200000 -1,000000 -101,000000 0,000000 0,000000
656 1711043014 118165,200000 -1,000000 -101,000000 0,000000 0,000000
656 1711043015 118165,200000 -1,000000 -101,000000 0,000000 0,000000
656 1711043016 118165,200000 -1,000000 -101,000000 0,000000 0,000000
656 1711043017 118165,200000 -1,000000 -101,000000 0,000000 0,000000
656 1711043018 118165,200000 -1,000000 -101,000000 0,000000 0,000000
656 1711043019 2150,000000 -1,000000 -101,000000 0,000000 0,000000
656 1711043020 2150,000000 -1,000000 -101,000000 0,000000 0,000000
656 1711043021 2150,000000 -1,000000 -101,000000 0,000000 0,000000
656 1711043022 2150,000000 -1,000000 -101,000000 0,000000 0,000000
656 1711043023 2150,000000 -1,000000 -101,000000 0,000000 0,000000
656 1711043024 118510,400000 -1,000000 -101,000000 0,000000 0,000000
656 1711043025 118510,400000 -1,000000 -101,000000 0,000000 0,000000
656 1711043026 118510,400000 -1,000000 -101,000000 0,000000 0,000000
656 1711043027 118510,400000 -1,000000 -101,000000 0,000000 0,000000
656 1711043028 118510,400000 -1,000000 -101,000000 0,000000 0,000000
656 1711043029 231773,600000 -1,000000 -101,000000 0,000000 0,000000
656 1711043030 231773,600000 -1,000000 -101,000000 0,000000 0,000000
656 1711043031 231773,600000 -1,000000 -101,000000 0,000000 0,000000
656 1711043032 231773,600000 -1,000000 -101,000000 0,000000 0,000000
656 1711043033 231773,600000 -1,000000 -101,000000 0,000000 0,000000
656 1711043034 4442,400000 -1,000000 -101,000000 0,000000 0,000000
656 1711043035 4442,400000 -1,000000 -101,000000 0,000000 0,000000
656 1711043036 4442,400000 -1,000000 -101,000000 0,000000 0,000000
656 1711043037 4442,400000 -1,000000 -101,000000 0,000000 0,000000
656 1711043038 4442,400000 -1,000000 -101,000000 0,000000 0,000000
656 1711043039 117699,800000 -1,000000 -101,000000 0,000000 0,000000
656 1711043040 117699,800000 -1,000000 -101,000000 0,000000 0,000000
656 1711043041 117699,800000 -1,000000 -101,000000 0,000000 0,000000
656 1711043042 117699,800000 -1,000000 -101,000000 0,000000 0,000000
656 1711043043 117699,800000 -1,000000 -101,000000 0,000000 0,000000
656 1711043044 691,800000 -1,000000 -101,000000 0,000000 0,000000
656 1711043045 691,800000 -1,000000 -101,000000 0,000000 0,000000
656 1711043046 691,800000 -1,000000 -101,000000 0,000000 0,000000
656 1711043047 691,800000 -1,000000 -101,000000 0,000000 0,000000
656 1711043048 691,800000 -1,000000 -101,000000 0,000000 0,000000
656 1711043049 5511,200000 -1,000000 -101,000000 0,000000 0,000000
656 1711043050 5511,200000 -1,000000 -101,000000 0,000000 0,000000
656 1711043051 5511,200000 -1,000000 -101,000000 0,000000 0,000000
656 1711043052 5511,200000 -1,000000 -101,000000 0,000000 0,000000
656 1711043053 5511,200000 -1,000000 -101,000000 0,000000 0,000000
656 1711043054 61491,200000 -1,000000 -101,000000 0,000000 0,000000
656 1711043055 61491,200000 -1,000000 -101,000000 0,000000 0,000000
656 1711043056 61491,200000 -1,000000 -101,000000 0,000000 0,000000
656 1711043057 61491,200000 -1,000000 -101,000000 0,000000 0,000000
656 1711043058 61491,200000 -1,000000 -101,000000 0,000000 0,000000
656 1711043059 232336,800000 -1,000000 -101,000000 0,000000 0,000000
656 1711043060 232336,800000 -1,000000 -101,000000 0,000000 0,000000
656 1711043061 232336,800000 -1,000000 -101,000000 0,000000 0,000000
656 1711043062 232336,800000 -1,000000 -101,000000 0,000000 0,000000
656 1711043063 232336,800000 -1,000000 -101,000000 0,000000 0,000000
656 1711043064 1733,600000 -1,000000 -101,000000 0,000000 0,000000
656 1711043065 1733,600000 -1,000000 -101,000000 0,000000 0,000000
656 1711043066 1733,600000 -1,000000 -101,000000 0,000000 0,000000
656 1711043067 1733,600000 -1,000000 -101,000000 0,000000 0,000000
656 1711043068 1733,600000 -1,000000 -101,000000 0,000000 0,000000
656 1711043069 117281,200000 -1,000000 -101,000000 0,000000 0,000000
656 1711043070 117281,200000 -1,000000 -101,000000 0,000000 0,000000
656 1711043071 117281,200000 -1,000000 -101,000000 0,000000 0,000000
656 1711043072 117281,200000 -1,000000 -101,000000 0,000000 0,000000
656 1711043073 117281,200000 -1,000000 -101,000000 0,000000 0,000000
656 1711043074 229502,800000 -1,000000 -101,000000 0,000000 0,000000
656 1711043075 229502,800000 -1,000000 -101,000000 0,000000 0,000000
656 1711043076 229502,800000 -1,000000 -101,000000 0,000000 0,000000
656 1711043077 229502,800000 -1,000000 -101,000000 0,000000 0,000000
656 1711043078 229502,800000 -1,000000 -101,000000 0,000000 0,000000
656 1711043079 4219,600000 -1,000000 -101,000000 0,000000 0,000000
656 1711043080 4219,600000 -1,000000 -101,000000 0,000000 0,000000
656 1711043081 4219,600000 -1,000000 -101,000000 0,000000 0,000000
656 1711043082 4219,600000 -1,000000 -101,000000 0,000000 0,000000
656 1711043083 4219,600000 -1,000000 -101,000000 0,000000 0,000000
656 1711043084 232727,200000 -1,000000 -101,000000 0,000000 0,000000
656 1711043085 232727,200000 -1,000000 -101,000000 0,000000 0,000000
656 1711043086 232727,200000 -1,000000 -101,000000 0,000000 0,000000
656 1711043087 232727,200000 -1,000000 -101,000000 0,000000 0,000000
656 1711043088 232727,200000 -1,000000 -101,000000 0,000000 0,000000
656 1711043089 3762,200000 -1,000000 -101,000000 0,000000 0,000000
656 1711043090 3762,200000 -1,000000 -101,000000 0,000000 0,000000
656 1711043091 3762,200000 -1,000000 -101,000000 0,000000 0,000000
656 1711043092 3762,200000 -1,000000 -101,000000 0,000000 0,000000
656 1711043093 3762,200000 -1,000000 -101,000000 0,000000 0,000000
656 1711043094 118938,000000 -1,000000 -101,000000 0,000000 0,000000
656 1711043095 118938,000000 -1,000000 -101,000000 0,000000 0,000000
656 1711043096 118938,000000 -1,000000 -101,000000 0,000000 0,000000
656 1711043097 118938,000000 -1,000000 -101,000000 0,000000 0,000000
656 1711043098 118938,000000 -1,000000 -101,000000 0,000000 0,000000
656 1711043099 5697,800000 -1,000000 -101,000000 0,000000 0,000000
656 1711043100 5697,800000 -1,000000 -101,000000 0,000000 0,000000
656 1711043101 5697,800000 -1,000000 -101,000000 0,000000 0,000000
656 1711043102 5697,800000 -1,000000 -101,000000 0,000000 0,000000
656 1711043103 5697,800000 -1,000000 -101,000000 0,000000 0,000000
656 1711043104 116881,800000 -1,000000 -101,000000 0,000000 0,000000
656 1711043105 116881,800000 -1,000000 -101,000000 0,000000 0,000000
656 1711043106 116881,800000 -1,000000 -101,000000 0,000000 0,000000
656 1711043107 116881,800000 -1,000000 -101,000000 0,000000 0,000000
656 1711043108 116881,800000 -1,000000 -101,000000 0,000000 0,000000
656 1711043109 117127,800000 -1,000000 -101,000000 0,000000 0,000000
656 1711043110 117127,800000 -1,000000 -101,000000 0,000000 0,000000
656 1711043111 117127,800000 -1,000000 -101,000000 0,000000 0,000000
656 1711043112 117127,800000 -1,000000 -101,000000 0,000000 0,000000
656 1711043113 117127,800000 -1,000000 -101,000000 0,000000 0,000000
656 1711043114 6274,600000 -1,000000 -101,000000 0,000000 0,000000
656 1711043115 6274,600000 -1,000000 -101,000000 0,000000 0,000000
656 1711043116 6274,600000 -1,000000 -101,000000 0,000000 0,000000
656 1711043117 6274,600000 -1,000000 -101,000000 0,000000 0,000000
656 1711043118 6274,600000 -1,000000 -101,000000 0,000000 0,000000
656 1711043119 230712,400000 -1,000000 -101,000000 0,000000 0,000000
656 1711043120 230712,400000 -1,000000 -101,000000 0,000000 0,000000
656 1711043121 230712,400000 -1,000000 -101,000000 0,000000 0,000000
656 1711043122 230712,400000 -1,000000 -101,000000 0,000000 0,000000
656 1711043123 230712,400000 -1,000000 -101,000000 0,000000 0,000000
656 1711043124 4996,400000 -1,000000 -101,000000 0,000000 0,000000
656 1711043125 4996,400000 -1,000000 -101,000000 0,000000 0,000000
656 1711043126 4996,400000 -1,000000 -101,000000 0,000000 0,000000
656 1711043127 4996,400000 -1,000000 -101,000000 0,000000 0,000000
656 1711043128 4996,400000 -1,000000 -101,000000 0,000000 0,000000
656 1711043129 119747,800000 -1,000000 -101,000000 0,000000 0,000000
656 1711043130 119747,800000 -1,000000 -101,000000 0,000000 0,000000
656 1711043131 119747,800000 -1,000000 -101,000000 0,000000 0,000000
656 1711043132 119747,800000 -1,000000 -101,000000 0,000000 0,000000
656 1711043133 119747,800000 -1,000000 -101,000000 0,000000 0,000000
656 1711043134 709,600000 -1,000000 -101,000000 0,000000 0,000000
656 1711043135 709,600000 -1,000000 -101,000000 0,000000 0,000000
656 1711043136 709,600000 -1,000000 -101,000000 0,000000 0,000000
656 1711043137 709,600000 -1,000000 -101,000000 0,000000 0,000000
656 1711043138 709,600000 -1,000000 -101,000000 0,000000 0,000000
656 1711043139 7227,200000 -1,000000 -101,000000 0,000000 0,000000
656 1711043140 7227,200000 -1,000000 -101,000000 0,000000 0,000000
656 1711043141 7227,200000 -1,000000 -101,000000 0,000000 0,000000
656 1711043142 7227,200000 -1,000000 -101,000000 0,000000 0,000000
656 1711043143 7227,200000 -1,000000 -101,000000 0,000000 0,000000
656 1711043144 63773,000000 -1,000000 -101,000000 0,000000 0,000000
656 1711043145 63773,000000 -1,000000 -101,000000 0,000000 0,000000
656 1711043146 63773,000000 -1,000000 -101,000000 0,000000 0,000000
656 1711043147 63773,000000 -1,000000 -101,000000 0,000000 0,000000
656 1711043148 63773,000000 -1,000000 -101,000000 0,000000 0,000000
656 1711043149 118481,600000 -1,000000 -101,000000 0,000000 0,000000
656 1711043150 118481,600000 -1,000000 -101,000000 0,000000 0,000000
656 1711043151 118481,600000 -1,000000 -101,000000 0,000000 0,000000
656 1711043152 118481,600000 -1,000000 -101,000000 0,000000 0,000000
656 1711043153 118481,600000 -1,000000 -101,000000 0,000000 0,000000
656 1711043154 114393,000000 -1,000000 -101,000000 0,000000 0,000000
656 1711043155 114393,000000 -1,000000 -101,000000 0,000000 0,000000
656 1711043156 114393,000000 -1,000000 -101,000000 0,000000 0,000000
656 1711043157 114393,000000 -1,000000 -101,000000 0,000000 0,000000
656 1711043158 114393,000000 -1,000000 -101,000000 0,000000 0,000000
656 1711043159 2023,400000 -1,000000 -101,000000 0,000000 0,000000
656 1711043160 2023,400000 -1,000000 -101,000000 0,000000 0,000000
656 1711043161 2023,400000 -1,000000 -101,000000 0,000000 0,000000
656 1711043162 2023,400000 -1,000000 -101,000000 0,000000 0,000000
656 1711043163 2023,400000 -1,000000 -101,000000 0,000000 0,000000
656 1711043164 115534,000000 -1,000000 -101,000000 0,000000 0,000000
656 1711043165 115534,000000 -1,000000 -101,000000 0,000000 0,000000
656 1711043166 115534,000000 -1,000000 -101,000000 0,000000 0,000000
656 1711043167 115534,000000 -1,000000 -101,000000 0,000000 0,000000
656 1711043168 115534,000000 -1,000000 -101,000000 0,000000 0,000000
656 1711043169 221428,800000 -1,000000 -101,000000 0,000000 0,000000
656 1711043170 221428,800000 -1,000000 -101,000000 0,000000 0,000000
656 1711043171 221428,800000 -1,000000 -101,000000 0,000000 0,000000
656 1711043172 221428,800000 -1,000000 -101,000000 0,000000 0,000000
656 1711043173 221428,800000 -1,000000 -101,000000 0,000000 0,000000
656 1711043174 128340,600000 -1,000000 -101,000000 0,000000 0,000000
656 1711043175 128340,600000 -1,000000 -101,000000 0,000000 0,000000
656 1711043176 128340,600000 -1,000000 -101,000000 0,000000 0,000000
656 1711043177 128340,600000 -1,000000 -101,000000 0,000000 0,000000
656 1711043178 128340,600000 -1,000000 -101,000000 0,000000 0,000000
656 1711043179 1321,600000 -1,000000 -101,000000 0,000000 0,000000
656 1711043180 1321,600000 -1,000000 -101,000000 0,000000 0,000000
656 1711043181 1321,600000 -1,000000 -101,000000 0,000000 0,000000
656 1711043182 1321,600000 -1,000000 -101,000000 0,000000 0,000000
656 1711043183 1321,600000 -1,000000 -101,000000 0,000000 0,000000
656 1711043184 120049,400000 -1,000000 -101,000000 0,000000 0,000000
656 1711043185 120049,400000 -1,000000 -101,000000 0,000000 0,000000
656 1711043186 120049,400000 -1,000000 -101,000000 0,000000 0,000000
656 1711043187 120049,400000 -1,000000 -101,000000 0,000000 0,000000
656 1711043188 120049,400000 -1,000000 -101,000000 0,000000 0,000000
656 1711043189 116977,200000 -1,000000 -101,000000 0,000000 0,000000
656 1711043190 116977,200000 -1,000000 -101,000000 0,000000 0,000000
656 1711043191 116977,200000 -1,000000 -101,000000 0,000000 0,000000
656 1711043192 116977,200000 -1,000000 -101,000000 0,000000 0,000000
656 1711043193 116977,200000 -1,000000 -101,000000 0,000000 0,000000
656 1711043194 117325,200000 -1,000000 -101,000000 0,000000 0,000000
656 1711043195 117325,200000 -1,000000 -101,000000 0,000000 0,000000
656 1711043196 117325,200000 -1,000000 -101,000000 0,000000 0,000000
656 1711043197 117325,200000 -1,000000 -101,000000 0,000000 0,000000
656 1711043198 117325,200000 -1,000000 -101,000000 0,000000 0,000000
656 1711043199 3989,000000 -1,000000 -101,000000 0,000000 0,000000
656 1711043200 3989,000000 -1,000000 -101,000000 0,000000 0,000000
656 1711043201 3989,000000 -1,000000 -101,000000 0,000000 0,000000
656 1711043202 3989,000000 -1,000000 -101,000000 0,000000 0,000000
656 1711043203 3989,000000 -1,000000 -101,000000 0,000000 0,000000
656 1711043204 2363,400000 -1,000000 -101,000000 0,000000 0,000000
656 1711043205 2363,400000 -1,000000 -101,000000 0,000000 0,000000
656 1711043206 2363,400000 -1,000000 -101,000000 0,000000 0,000000
656 1711043207 2363,400000 -1,000000 -101,000000 0,000000 0,000000
656 1711043208 2363,400000 -1,000000 -101,000000 0,000000 0,000000
656 1711043209 231753,600000 -1,000000 -101,000000 0,000000 0,000000
656 1711043210 231753,600000 -1,000000 -101,000000 0,000000 0,000000
656 1711043211 231753,600000 -1,000000 -101,000000 0,000000 0,000000
656 1711043212 231753,600000 -1,000000 -101,000000 0,000000 0,000000
656 1711043213 231753,600000 -1,000000 -101,000000 0,000000 0,000000
656 1711043214 120262,600000 -1,000000 -101,000000 0,000000 0,000000
656 1711043215 120262,600000 -1,000000 -101,000000 0,000000 0,000000
656 1711043216 120262,600000 -1,000000 -101,000000 0,000000 0,000000
656 1711043217 120262,600000 -1,000000 -101,000000 0,000000 0,000000
656 1711043218 120262,600000 -1,000000 -101,000000 0,000000 0,000000
656 1711043219 120898,800000 -1,000000 -101,000000 0,000000 0,000000
656 1711043220 120898,800000 -1,000000 -101,000000 0,000000 0,000000
656 1711043221 120898,800000 -1,000000 -101,000000 0,000000 0,000000
656 1711043222 120898,800000 -1,000000 -101,000000 0,000000 0,000000
656 1711043223 120898,800000 -1,000000 -101,000000 0,000000 0,000000
656 1711043224 5186,600000 -1,000000 -101,000000 0,000000 0,000000
656 1711043225 5186,600000 -1,000000 -101,000000 0,000000 0,000000
656 1711043226 5186,600000 -1,000000 -101,000000 0,000000 0,000000
656 1711043227 5186,600000 -1,000000 -101,000000 0,000000 0,000000
656 1711043228 5186,600000 -1,000000 -101,000000 0,000000 0,000000
656 1711043229 4737,200000 -1,000000 -101,000000 0,000000 0,000000
656 1711043230 4737,200000 -1,000000 -101,000000 0,000000 0,000000
656 1711043231 4737,200000 -1,000000 -101,000000 0,000000 0,000000
656 1711043232 4737,200000 -1,000000 -101,000000 0,000000 0,000000
656 1711043233 4737,200000 -1,000000 -101,000000 0,000000 0,000000
656 1711043234 177187,000000 -1,000000 -101,000000 0,000000 0,000000
656 1711043235 177187,000000 -1,000000 -101,000000 0,000000 0,000000
656 1711043236 177187,000000 -1,000000 -101,000000 0,000000 0,000000
656 1711043237 177187,000000 -1,000000 -101,000000 0,000000 0,000000
656 1711043238 177187,000000 -1,000000 -101,000000 0,000000 0,000000
656 1711043239 116986,800000 -1,000000 -101,000000 0,000000 0,000000
656 1711043240 116986,800000 -1,000000 -101,000000 0,000000 0,000000
656 1711043241 116986,800000 -1,000000 -101,000000 0,000000 0,000000
656 1711043242 116986,800000 -1,000000 -101,000000 0,000000 0,000000
656 1711043243 116986,800000 -1,000000 -101,000000 0,000000 0,000000
656 1711043244 1784,200000 -1,000000 -101,000000 0,000000 0,000000
656 1711043245 1784,200000 -1,000000 -101,000000 0,000000 0,000000
656 1711043246 1784,200000 -1,000000 -101,000000 0,000000 0,000000
656 1711043247 1784,200000 -1,000000 -101,000000 0,000000 0,000000
656 1711043248 1784,200000 -1,000000 -101,000000 0,000000 0,000000
656 1711043249 5955,200000 -1,000000 -101,000000 0,000000 0,000000
656 1711043250 5955,200000 -1,000000 -101,000000 0,000000 0,000000
656 1711043251 5955,200000 -1,000000 -101,000000 0,000000 0,000000
656 1711043252 5955,200000 -1,000000 -101,000000 0,000000 0,000000
656 1711043253 5955,200000 -1,000000 -101,000000 0,000000 0,000000
656 1711043254 117491,000000 -1,000000 -101,000000 0,000000 0,000000
656 1711043255 117491,000000 -1,000000 -101,000000 0,000000 0,000000
656 1711043256 117491,000000 -1,000000 -101,000000 0,000000 0,000000
656 1711043257 117491,000000 -1,000000 -101,000000 0,000000 0,000000
656 1711043258 117491,000000 -1,000000 -101,000000 0,000000 0,000000
656 1711043259 1996,800000 -1,000000 -101,000000 0,000000 0,000000
656 1711043260 1996,800000 -1,000000 -101,000000 0,000000 0,000000
656 1711043261 1996,800000 -1,000000 -101,000000 0,000000 0,000000
656 1711043262 1996,800000 -1,000000 -101,000000 0,000000 0,000000
656 1711043263 1996,800000 -1,000000 -101,000000 0,000000 0,000000
656 1711043264 233675,200000 -1,000000 -101,000000 0,000000 0,000000
656 1711043265 233675,200000 -1,000000 -101,000000 0,000000 0,000000
656 1711043266 233675,200000 -1,000000 -101,000000 0,000000 0,000000
656 1711043267 233675,200000 -1,000000 -101,000000 0,000000 0,000000
656 1711043268 233675,200000 -1,000000 -101,000000 0,000000 0,000000
656 1711043269 114961,200000 -1,000000 -101,000000 0,000000 0,000000
656 1711043270 114961,200000 -1,000000 -101,000000 0,000000 0,000000
656 1711043271 114961,200000 -1,000000 -101,000000 0,000000 0,000000
656 1711043272 114961,200000 -1,000000 -101,000000 0,000000 0,000000
656 1711043273 114961,200000 -1,000000 -101,000000 0,000000 0,000000
656 1711043274 4427,400000 -1,000000 -101,000000 0,000000 0,000000
656 1711043275 4427,400000 -1,000000 -101,000000 0,000000 0,000000
656 1711043276 4427,400000 -1,000000 -101,000000 0,000000 0,000000
656 1711043277 4427,400000 -1,000000 -101,000000 0,000000 0,000000
656 1711043278 4427,400000 -1,000000 -101,000000 0,000000 0,000000
656 1711043279 115181,600000 -1,000000 -101,000000 0,000000 0,000000
656 1711043280 115181,600000 -1,000000 -101,000000 0,000000 0,000000
656 1711043281 115181,600000 -1,000000 -101,000000 0,000000 0,000000
656 1711043282 115181,600000 -1,000000 -101,000000 0,000000 0,000000
656 1711043283 115181,600000 -1,000000 -101,000000 0,000000 0,000000
656 1711043284 228230,600000 -1,000000 -101,000000 0,000000 0,000000
656 1711043285 228230,600000 -1,000000 -101,000000 0,000000 0,000000
656 1711043286 228230,600000 -1,000000 -101,000000 0,000000 0,000000
656 1711043287 228230,600000 -1,000000 -101,000000 0,000000 0,000000
656 1711043288 228230,600000 -1,000000 -101,000000 0,000000 0,000000
656 1711043289 5071,800000 -1,000000 -101,000000 0,000000 0,000000
656 1711043290 5071,800000 -1,000000 -101,000000 0,000000 0,000000
656 1711043291 5071,800000 -1,000000 -101,000000 0,000000 0,000000
656 1711043292 5071,800000 -1,000000 -101,000000 0,000000 0,000000
656 1711043293 5071,800000 -1,000000 -101,000000 0,000000 0,000000
656 1711043294 2685,200000 -1,000000 -101,000000 0,000000 0,000000
656 1711043295 2685,200000 -1,000000 -101,000000 0,000000 0,000000
656 1711043296 2685,200000 -1,000000 -101,000000 0,000000 0,000000
656 1711043297 2685,200000 -1,000000 -101,000000 0,000000 0,000000
656 1711043298 2685,200000 -1,000000 -101,000000 0,000000 0,000000
656 1711043299 118663,600000 -1,000000 -101,000000 0,000000 0,000000
656 1711043300 118663,600000 -1,000000 -101,000000 0,000000 0,000000
656 1711043301 118663,600000 -1,000000 -101,000000 0,000000 0,000000
656 1711043302 118663,600000 -1,000000 -101,000000 0,000000 0,000000
656 1711043303 118663,600000 -1,000000 -101,000000 0,000000 0,000000
656 1711043304 4083,400000 -1,000000 -101,000000 0,000000 0,000000
656 1711043305 4083,400000 -1,000000 -101,000000 0,000000 0,000000
656 1711043306 4083,400000 -1,000000 -101,000000 0,000000 0,000000
656 1711043307 4083,400000 -1,000000 -101,000000 0,000000 0,000000
656 1711043308 4083,400000 -1,000000 -101,000000 0,000000 0,000000
656 1711043309 233481,600000 -1,000000 -101,000000 0,000000 0,000000
656 1711043310 233481,600000 -1,000000 -101,000000 0,000000 0,000000
656 1711043311 233481,600000 -1,000000 -101,000000 0,000000 0,000000
656 1711043312 233481,600000 -1,000000 -101,000000 0,000000 0,000000
656 1711043313 233481,600000 -1,000000 -101,000000 0,000000 0,000000
656 1711043314 116428,400000 -1,000000 -101,000000 0,000000 0,000000
656 1711043315 116428,400000 -1,000000 -101,000000 0,000000 0,000000
656 1711043316 116428,400000 -1,000000 -101,000000 0,000000 0,000000
656 1711043317 116428,400000 -1,000000 -101,000000 0,000000 0,000000
656 1711043318 116428,400000 -1,000000 -101,000000 0,000000 0,000000
