647 1711041944 0,200000 -1,000000 -101,000000 0,000000 0,000000
647 1711041945 0,200000 -1,000000 -101,000000 0,000000 0,000000
647 1711041946 0,200000 -1,000000 -101,000000 0,000000 0,000000
647 1711041947 0,200000 -1,000000 -101,000000 0,000000 0,000000
647 1711041948 0,200000 -1,000000 -101,000000 0,000000 0,000000
647 1711041949 0,400000 -1,000000 -101,000000 0,000000 0,000000
647 1711041950 0,400000 -1,000000 -101,000000 0,000000 0,000000
647 1711041951 0,400000 -1,000000 -101,000000 0,000000 0,000000
647 1711041952 0,400000 -1,000000 -101,000000 0,000000 0,000000
647 1711041953 0,400000 -1,000000 -101,000000 0,000000 0,000000
647 1711041954 0,600000 -1,000000 -101,000000 0,000000 0,000000
647 1711041955 0,600000 -1,000000 -101,000000 0,000000 0,000000
647 1711041956 0,600000 -1,000000 -101,000000 0,000000 0,000000
647 1711041957 0,600000 -1,000000 -101,000000 0,000000 0,000000
647 1711041958 0,600000 -1,000000 -101,000000 0,000000 0,000000
647 1711041959 0,800000 -1,000000 -101,000000 0,000000 0,000000
647 1711041960 0,800000 -1,000000 -101,000000 0,000000 0,000000
647 1711041961 0,800000 -1,000000 -101,000000 0,000000 0,000000
647 1711041962 0,800000 -1,000000 -101,000000 0,000000 0,000000
647 1711041963 0,800000 -1,000000 -101,000000 0,000000 0,000000
647 1711041964 1,000000 -1,000000 -101,000000 0,000000 0,000000
647 1711041965 1,000000 -1,000000 -101,000000 0,000000 0,000000
647 1711041966 1,000000 -1,000000 -101,000000 0,000000 0,000000
647 1711041967 1,000000 -1,000000 -101,000000 0,000000 0,000000
647 1711041968 1,000000 -1,000000 -101,000000 0,000000 0,000000
647 1711041969 0,600000 -1,000000 -101,000000 0,000000 0,000000
647 1711041970 0,600000 -1,000000 -101,000000 0,000000 0,000000
647 1711041971 0,600000 -1,000000 -101,000000 0,000000 0,000000
647 1711041972 0,600000 -1,000000 -101,000000 0,000000 0,000000
647 1711041973 0,600000 -1,000000 -101,000000 0,000000 0,000000
647 1711041974 1,000000 -1,000000 -101,000000 0,000000 0,000000
647 1711041975 1,000000 -1,000000 -101,000000 0,000000 0,000000
647 1711041976 1,000000 -1,000000 -101,000000 0,000000 0,000000
647 1711041977 1,000000 -1,000000 -101,000000 0,000000 0,000000
647 1711041978 1,000000 -1,000000 -101,000000 0,000000 0,000000
647 1711041979 1,400000 -1,000000 -101,000000 0,000000 0,000000
647 1711041980 1,400000 -1,000000 -101,000000 0,000000 0,000000
647 1711041981 1,400000 -1,000000 -101,000000 0,000000 0,000000
647 1711041982 1,400000 -1,000000 -101,000000 0,000000 0,000000
647 1711041983 1,400000 -1,000000 -101,000000 0,000000 0,000000
647 1711041984 1,000000 -1,000000 -101,000000 0,000000 0,000000
647 1711041985 1,000000 -1,000000 -101,000000 0,000000 0,000000
647 1711041986 1,000000 -1,000000 -101,000000 0,000000 0,000000
647 1711041987 1,000000 -1,000000 -101,000000 0,000000 0,000000
647 1711041988 1,000000 -1,000000 -101,000000 0,000000 0,000000
647 1711041989 1,600000 -1,000000 -101,000000 0,000000 0,000000
647 1711041990 1,600000 -1,000000 -101,000000 0,000000 0,000000
647 1711041991 1,600000 -1,000000 -101,000000 0,000000 0,000000
647 1711041992 1,600000 -1,000000 -101,000000 0,000000 0,000000
647 1711041993 1,600000 -1,000000 -101,000000 0,000000 0,000000
647 1711041994 1,400000 -1,000000 -101,000000 0,000000 0,000000
647 1711041995 1,400000 -1,000000 -101,000000 0,000000 0,000000
647 1711041996 1,400000 -1,000000 -101,000000 0,000000 0,000000
647 1711041997 1,400000 -1,000000 -101,000000 0,000000 0,000000
647 1711041998 1,400000 -1,000000 -101,000000 0,000000 0,000000
647 1711041999 1,400000 -1,000000 -101,000000 0,000000 0,000000
647 1711042000 1,400000 -1,000000 -101,000000 0,000000 0,000000
647 1711042001 1,400000 -1,000000 -101,000000 0,000000 0,000000
647 1711042002 1,400000 -1,000000 -101,000000 0,000000 0,000000
647 1711042003 1,400000 -1,000000 -101,000000 0,000000 0,000000
647 1711042004 1,200000 -1,000000 -101,000000 0,000000 0,000000
647 1711042005 1,200000 -1,000000 -101,000000 0,000000 0,000000
647 1711042006 1,200000 -1,000000 -101,000000 0,000000 0,000000
647 1711042007 1,200000 -1,000000 -101,000000 0,000000 0,000000
647 1711042008 1,200000 -1,000000 -101,000000 0,000000 0,000000
647 1711042009 1,400000 -1,000000 -101,000000 0,000000 0,000000
647 1711042010 1,400000 -1,000000 -101,000000 0,000000 0,000000
647 1711042011 1,400000 -1,000000 -101,000000 0,000000 0,000000
647 1711042012 1,400000 -1,000000 -101,000000 0,000000 0,000000
647 1711042013 1,400000 -1,000000 -101,000000 0,000000 0,000000
647 1711042014 1,600000 -1,000000 -101,000000 0,000000 0,000000
647 1711042015 1,600000 -1,000000 -101,000000 0,000000 0,000000
647 1711042016 1,600000 -1,000000 -101,000000 0,000000 0,000000
647 1711042017 1,600000 -1,000000 -101,000000 0,000000 0,000000
647 1711042018 1,600000 -1,000000 -101,000000 0,000000 0,000000
647 1711042019 1,400000 -1,000000 -101,000000 0,000000 0,000000
647 1711042020 1,400000 -1,000000 -101,000000 0,000000 0,000000
647 1711042021 1,400000 -1,000000 -101,000000 0,000000 0,000000
647 1711042022 1,400000 -1,000000 -101,000000 0,000000 0,000000
647 1711042023 1,400000 -1,000000 -101,000000 0,000000 0,000000
647 1711042024 1,600000 -1,000000 -101,000000 0,000000 0,000000
647 1711042025 1,600000 -1,000000 -101,000000 0,000000 0,000000
647 1711042026 1,600000 -1,000000 -101,000000 0,000000 0,000000
647 1711042027 1,600000 -1,000000 -101,000000 0,000000 0,000000
647 1711042028 1,600000 -1,000000 -101,000000 0,000000 0,000000
647 1711042029 0,400000 -1,000000 -101,000000 0,000000 0,000000
647 1711042030 0,400000 -1,000000 -101,000000 0,000000 0,000000
647 1711042031 0,400000 -1,000000 -101,000000 0,000000 0,000000
647 1711042032 0,400000 -1,000000 -101,000000 0,000000 0,000000
647 1711042033 0,400000 -1,000000 -101,000000 0,000000 0,000000
647 1711042034 1,200000 -1,000000 -101,000000 0,000000 0,000000
647 1711042035 1,200000 -1,000000 -101,000000 0,000000 0,000000
647 1711042036 1,200000 -1,000000 -101,000000 0,000000 0,000000
647 1711042037 1,200000 -1,000000 -101,000000 0,000000 0,000000
647 1711042038 1,200000 -1,000000 -101,000000 0,000000 0,000000
647 1711042039 1,200000 -1,000000 -101,000000 0,000000 0,000000
647 1711042040 1,200000 -1,000000 -101,000000 0,000000 0,000000
647 1711042041 1,200000 -1,000000 -101,000000 0,000000 0,000000
647 1711042042 1,200000 -1,000000 -101,000000 0,000000 0,000000
647 1711042043 1,200000 -1,000000 -101,000000 0,000000 0,000000
647 1711042044 0,600000 -1,000000 -101,000000 0,000000 0,000000
647 1711042045 0,600000 -1,000000 -101,000000 0,000000 0,000000
647 1711042046 0,600000 -1,000000 -101,000000 0,000000 0,000000
647 1711042047 0,600000 -1,000000 -101,000000 0,000000 0,000000
647 1711042048 0,600000 -1,000000 -101,000000 0,000000 0,000000
647 1711042049 1,000000 -1,000000 -101,000000 0,000000 0,000000
647 1711042050 1,000000 -1,000000 -101,000000 0,000000 0,000000
647 1711042051 1,000000 -1,000000 -101,000000 0,000000 0,000000
647 1711042052 1,000000 -1,000000 -101,000000 0,000000 0,000000
647 1711042053 1,000000 -1,000000 -101,000000 0,000000 0,000000
647 1711042054 1,000000 -1,000000 -101,000000 0,000000 0,000000
647 1711042055 1,000000 -1,000000 -101,000000 0,000000 0,000000
647 1711042056 1,000000 -1,000000 -101,000000 0,000000 0,000000
647 1711042057 1,000000 -1,000000 -101,000000 0,000000 0,000000
647 1711042058 1,000000 -1,000000 -101,000000 0,000000 0,000000
647 1711042059 0,400000 -1,000000 -101,000000 0,000000 0,000000
647 1711042060 0,400000 -1,000000 -101,000000 0,000000 0,000000
647 1711042061 0,400000 -1,000000 -101,000000 0,000000 0,000000
647 1711042062 0,400000 -1,000000 -101,000000 0,000000 0,000000
647 1711042063 0,400000 -1,000000 -101,000000 0,000000 0,000000
647 1711042064 1,200000 -1,000000 -101,000000 0,000000 0,000000
647 1711042065 1,200000 -1,000000 -101,000000 0,000000 0,000000
647 1711042066 1,200000 -1,000000 -101,000000 0,000000 0,000000
647 1711042067 1,200000 -1,000000 -101,000000 0,000000 0,000000
647 1711042068 1,200000 -1,000000 -101,000000 0,000000 0,000000
647 1711042069 1,400000 -1,000000 -101,000000 0,000000 0,000000
647 1711042070 1,400000 -1,000000 -101,000000 0,000000 0,000000
647 1711042071 1,400000 -1,000000 -101,000000 0,000000 0,000000
647 1711042072 1,400000 -1,000000 -101,000000 0,000000 0,000000
647 1711042073 1,400000 -1,000000 -101,000000 0,000000 0,000000
647 1711042074 1,200000 -1,000000 -101,000000 0,000000 0,000000
647 1711042075 1,200000 -1,000000 -101,000000 0,000000 0,000000
647 1711042076 1,200000 -1,000000 -101,000000 0,000000 0,000000
647 1711042077 1,200000 -1,000000 -101,000000 0,000000 0,000000
647 1711042078 1,200000 -1,000000 -101,000000 0,000000 0,000000
647 1711042079 0,200000 -1,000000 -101,000000 0,000000 0,000000
647 1711042080 0,200000 -1,000000 -101,000000 0,000000 0,000000
647 1711042081 0,200000 -1,000000 -101,000000 0,000000 0,000000
647 1711042082 0,200000 -1,000000 -101,000000 0,000000 0,000000
647 1711042083 0,200000 -1,000000 -101,000000 0,000000 0,000000
647 1711042084 1,400000 -1,000000 -101,000000 0,000000 0,000000
647 1711042085 1,400000 -1,000000 -101,000000 0,000000 0,000000
647 1711042086 1,400000 -1,000000 -101,000000 0,000000 0,000000
647 1711042087 1,400000 -1,000000 -101,000000 0,000000 0,000000
647 1711042088 1,400000 -1,000000 -101,000000 0,000000 0,000000
647 1711042089 1,600000 -1,000000 -101,000000 0,000000 0,000000
647 1711042090 1,600000 -1,000000 -101,000000 0,000000 0,000000
647 1711042091 1,600000 -1,000000 -101,000000 0,000000 0,000000
647 1711042092 1,600000 -1,000000 -101,000000 0,000000 0,000000
647 1711042093 1,600000 -1,000000 -101,000000 0,000000 0,000000
647 1711042094 1,000000 -1,000000 -101,000000 0,000000 0,000000
647 1711042095 1,000000 -1,000000 -101,000000 0,000000 0,000000
647 1711042096 1,000000 -1,000000 -101,000000 0,000000 0,000000
647 1711042097 1,000000 -1,000000 -101,000000 0,000000 0,000000
647 1711042098 1,000000 -1,000000 -101,000000 0,000000 0,000000
647 1711042099 1,400000 -1,000000 -101,000000 0,000000 0,000000
647 1711042100 1,400000 -1,000000 -101,000000 0,000000 0,000000
647 1711042101 1,400000 -1,000000 -101,000000 0,000000 0,000000
647 1711042102 1,400000 -1,000000 -101,000000 0,000000 0,000000
647 1711042103 1,400000 -1,000000 -101,000000 0,000000 0,000000
647 1711042104 1,200000 -1,000000 -101,000000 0,000000 0,000000
647 1711042105 1,200000 -1,000000 -101,000000 0,000000 0,000000
647 1711042106 1,200000 -1,000000 -101,000000 0,000000 0,000000
647 1711042107 1,200000 -1,000000 -101,000000 0,000000 0,000000
647 1711042108 1,200000 -1,000000 -101,000000 0,000000 0,000000
647 1711042109 1,000000 -1,000000 -101,000000 0,000000 0,000000
647 1711042110 1,000000 -1,000000 -101,000000 0,000000 0,000000
647 1711042111 1,000000 -1,000000 -101,000000 0,000000 0,000000
647 1711042112 1,000000 -1,000000 -101,000000 0,000000 0,000000
647 1711042113 1,000000 -1,000000 -101,000000 0,000000 0,000000
647 1711042114 1,200000 -1,000000 -101,000000 0,000000 0,000000
647 1711042115 1,200000 -1,000000 -101,000000 0,000000 0,000000
647 1711042116 1,200000 -1,000000 -101,000000 0,000000 0,000000
647 1711042117 1,200000 -1,000000 -101,000000 0,000000 0,000000
647 1711042118 1,200000 -1,000000 -101,000000 0,000000 0,000000
647 1711042119 1,400000 -1,000000 -101,000000 0,000000 0,000000
647 1711042120 1,400000 -1,000000 -101,000000 0,000000 0,000000
647 1711042121 1,400000 -1,000000 -101,000000 0,000000 0,000000
647 1711042122 1,400000 -1,000000 -101,000000 0,000000 0,000000
647 1711042123 1,400000 -1,000000 -101,000000 0,000000 0,000000
647 1711042124 1,200000 -1,000000 -101,000000 0,000000 0,000000
647 1711042125 1,200000 -1,000000 -101,000000 0,000000 0,000000
647 1711042126 1,200000 -1,000000 -101,000000 0,000000 0,000000
647 1711042127 1,200000 -1,000000 -101,000000 0,000000 0,000000
647 1711042128 1,200000 -1,000000 -101,000000 0,000000 0,000000
647 1711042129 1,400000 -1,000000 -101,000000 0,000000 0,000000
647 1711042130 1,400000 -1,000000 -101,000000 0,000000 0,000000
647 1711042131 1,400000 -1,000000 -101,000000 0,000000 0,000000
647 1711042132 1,400000 -1,000000 -101,000000 0,000000 0,000000
647 1711042133 1,400000 -1,000000 -101,000000 0,000000 0,000000
647 1711042134 1,200000 -1,000000 -101,000000 0,000000 0,000000
647 1711042135 1,200000 -1,000000 -101,000000 0,000000 0,000000
647 1711042136 1,200000 -1,000000 -101,000000 0,000000 0,000000
647 1711042137 1,200000 -1,000000 -101,000000 0,000000 0,000000
647 1711042138 1,200000 -1,000000 -101,000000 0,000000 0,000000
647 1711042139 0,400000 -1,000000 -101,000000 0,000000 0,000000
647 1711042140 0,400000 -1,000000 -101,000000 0,000000 0,000000
647 1711042141 0,400000 -1,000000 -101,000000 0,000000 0,000000
647 1711042142 0,400000 -1,000000 -101,000000 0,000000 0,000000
647 1711042143 0,400000 -1,000000 -101,000000 0,000000 0,000000
647 1711042144 1,000000 -1,000000 -101,000000 0,000000 0,000000
647 1711042145 1,000000 -1,000000 -101,000000 0,000000 0,000000
647 1711042146 1,000000 -1,000000 -101,000000 0,000000 0,000000
647 1711042147 1,000000 -1,000000 -101,000000 0,000000 0,000000
647 1711042148 1,000000 -1,000000 -101,000000 0,000000 0,000000
647 1711042149 0,800000 -1,000000 -101,000000 0,000000 0,000000
647 1711042150 0,800000 -1,000000 -101,000000 0,000000 0,000000
647 1711042151 0,800000 -1,000000 -101,000000 0,000000 0,000000
647 1711042152 0,800000 -1,000000 -101,000000 0,000000 0,000000
647 1711042153 0,800000 -1,000000 -101,000000 0,000000 0,000000
647 1711042154 1,000000 -1,000000 -101,000000 0,000000 0,000000
647 1711042155 1,000000 -1,000000 -101,000000 0,000000 0,000000
647 1711042156 1,000000 -1,000000 -101,000000 0,000000 0,000000
647 1711042157 1,000000 -1,000000 -101,000000 0,000000 0,000000
647 1711042158 1,000000 -1,000000 -101,000000 0,000000 0,000000
647 1711042159 1,000000 -1,000000 -101,000000 0,000000 0,000000
647 1711042160 1,000000 -1,000000 -101,000000 0,000000 0,000000
647 1711042161 1,000000 -1,000000 -101,000000 0,000000 0,000000
647 1711042162 1,000000 -1,000000 -101,000000 0,000000 0,000000
647 1711042163 1,000000 -1,000000 -101,000000 0,000000 0,000000
647 1711042164 0,600000 -1,000000 -101,000000 0,000000 0,000000
647 1711042165 0,600000 -1,000000 -101,000000 0,000000 0,000000
647 1711042166 0,600000 -1,000000 -101,000000 0,000000 0,000000
647 1711042167 0,600000 -1,000000 -101,000000 0,000000 0,000000
647 1711042168 0,600000 -1,000000 -101,000000 0,000000 0,000000
647 1711042169 1,000000 -1,000000 -101,000000 0,000000 0,000000
647 1711042170 1,000000 -1,000000 -101,000000 0,000000 0,000000
647 1711042171 1,000000 -1,000000 -101,000000 0,000000 0,000000
647 1711042172 1,000000 -1,000000 -101,000000 0,000000 0,000000
647 1711042173 1,000000 -1,000000 -101,000000 0,000000 0,000000
647 1711042174 1,000000 -1,000000 -101,000000 0,000000 0,000000
647 1711042175 1,000000 -1,000000 -101,000000 0,000000 0,000000
647 1711042176 1,000000 -1,000000 -101,000000 0,000000 0,000000
647 1711042177 1,000000 -1,000000 -101,000000 0,000000 0,000000
647 1711042178 1,000000 -1,000000 -101,000000 0,000000 0,000000
647 1711042179 1,600000 -1,000000 -101,000000 0,000000 0,000000
647 1711042180 1,600000 -1,000000 -101,000000 0,000000 0,000000
647 1711042181 1,600000 -1,000000 -101,000000 0,000000 0,000000
647 1711042182 1,600000 -1,000000 -101,000000 0,000000 0,000000
647 1711042183 1,600000 -1,000000 -101,000000 0,000000 0,000000
647 1711042184 1,200000 -1,000000 -101,000000 0,000000 0,000000
647 1711042185 1,200000 -1,000000 -101,000000 0,000000 0,000000
647 1711042186 1,200000 -1,000000 -101,000000 0,000000 0,000000
647 1711042187 1,200000 -1,000000 -101,000000 0,000000 0,000000
647 1711042188 1,200000 -1,000000 -101,000000 0,000000 0,000000
647 1711042189 1,000000 -1,000000 -101,000000 0,000000 0,000000
647 1711042190 1,000000 -1,000000 -101,000000 0,000000 0,000000
647 1711042191 1,000000 -1,000000 -101,000000 0,000000 0,000000
647 1711042192 1,000000 -1,000000 -101,000000 0,000000 0,000000
647 1711042193 1,000000 -1,000000 -101,000000 0,000000 0,000000
647 1711042194 0,600000 -1,000000 -101,000000 0,000000 0,000000
647 1711042195 0,600000 -1,000000 -101,000000 0,000000 0,000000
647 1711042196 0,600000 -1,000000 -101,000000 0,000000 0,000000
647 1711042197 0,600000 -1,000000 -101,000000 0,000000 0,000000
647 1711042198 0,600000 -1,000000 -101,000000 0,000000 0,000000
647 1711042199 1,200000 -1,000000 -101,000000 0,000000 0,000000
647 1711042200 1,200000 -1,000000 -101,000000 0,000000 0,000000
647 1711042201 1,200000 -1,000000 -101,000000 0,000000 0,000000
647 1711042202 1,200000 -1,000000 -101,000000 0,000000 0,000000
647 1711042203 1,200000 -1,000000 -101,000000 0,000000 0,000000
647 1711042204 1,000000 -1,000000 -101,000000 0,000000 0,000000
647 1711042205 1,000000 -1,000000 -101,000000 0,000000 0,000000
647 1711042206 1,000000 -1,000000 -101,000000 0,000000 0,000000
647 1711042207 1,000000 -1,000000 -101,000000 0,000000 0,000000
647 1711042208 1,000000 -1,000000 -101,000000 0,000000 0,000000
647 1711042209 1,000000 -1,000000 -101,000000 0,000000 0,000000
647 1711042210 1,000000 -1,000000 -101,000000 0,000000 0,000000
647 1711042211 1,000000 -1,000000 -101,000000 0,000000 0,000000
647 1711042212 1,000000 -1,000000 -101,000000 0,000000 0,000000
647 1711042213 1,000000 -1,000000 -101,000000 0,000000 0,000000
647 1711042214 0,800000 -1,000000 -101,000000 0,000000 0,000000
647 1711042215 0,800000 -1,000000 -101,000000 0,000000 0,000000
647 1711042216 0,800000 -1,000000 -101,000000 0,000000 0,000000
647 1711042217 0,800000 -1,000000 -101,000000 0,000000 0,000000
647 1711042218 0,800000 -1,000000 -101,000000 0,000000 0,000000
647 1711042219 1,800000 -1,000000 -101,000000 0,000000 0,000000
647 1711042220 1,800000 -1,000000 -101,000000 0,000000 0,000000
647 1711042221 1,800000 -1,000000 -101,000000 0,000000 0,000000
647 1711042222 1,800000 -1,000000 -101,000000 0,000000 0,000000
647 1711042223 1,800000 -1,000000 -101,000000 0,000000 0,000000
647 1711042224 0,800000 -1,000000 -101,000000 0,000000 0,000000
647 1711042225 0,800000 -1,000000 -101,000000 0,000000 0,000000
647 1711042226 0,800000 -1,000000 -101,000000 0,000000 0,000000
647 1711042227 0,800000 -1,000000 -101,000000 0,000000 0,000000
647 1711042228 0,800000 -1,000000 -101,000000 0,000000 0,000000
647 1711042229 1,600000 -1,000000 -101,000000 0,000000 0,000000
647 1711042230 1,600000 -1,000000 -101,000000 0,000000 0,000000
647 1711042231 1,600000 -1,000000 -101,000000 0,000000 0,000000
647 1711042232 1,600000 -1,000000 -101,000000 0,000000 0,000000
647 1711042233 1,600000 -1,000000 -101,000000 0,000000 0,000000
647 1711042234 2,400000 -1,000000 -101,000000 0,000000 0,000000
647 1711042235 2,400000 -1,000000 -101,000000 0,000000 0,000000
647 1711042236 2,400000 -1,000000 -101,000000 0,000000 0,000000
647 1711042237 2,400000 -1,000000 -101,000000 0,000000 0,000000
647 1711042238 2,400000 -1,000000 -101,000000 0,000000 0,000000
647 1711042239 0,600000 -1,000000 -101,000000 0,000000 0,000000
647 1711042240 0,600000 -1,000000 -101,000000 0,000000 0,000000
647 1711042241 0,600000 -1,000000 -101,000000 0,000000 0,000000
647 1711042242 0,600000 -1,000000 -101,000000 0,000000 0,000000
647 1711042243 0,600000 -1,000000 -101,000000 0,000000 0,000000
647 1711042244 1,000000 -1,000000 -101,000000 0,000000 0,000000
647 1711042245 1,000000 -1,000000 -101,000000 0,000000 0,000000
647 1711042246 1,000000 -1,000000 -101,000000 0,000000 0,000000
647 1711042247 1,000000 -1,000000 -101,000000 0,000000 0,000000
647 1711042248 1,000000 -1,000000 -101,000000 0,000000 0,000000
647 1711042249 0,600000 -1,000000 -101,000000 0,000000 0,000000
647 1711042250 0,600000 -1,000000 -101,000000 0,000000 0,000000
647 1711042251 0,600000 -1,000000 -101,000000 0,000000 0,000000
647 1711042252 0,600000 -1,000000 -101,000000 0,000000 0,000000
647 1711042253 0,600000 -1,000000 -101,000000 0,000000 0,000000
647 1711042254 0,800000 -1,000000 -101,000000 0,000000 0,000000
647 1711042255 0,800000 -1,000000 -101,000000 0,000000 0,000000
647 1711042256 0,800000 -1,000000 -101,000000 0,000000 0,000000
647 1711042257 0,800000 -1,000000 -101,000000 0,000000 0,000000
647 1711042258 0,800000 -1,000000 -101,000000 0,000000 0,000000
647 1711042259 0,800000 -1,000000 -101,000000 0,000000 0,000000
647 1711042260 0,800000 -1,000000 -101,000000 0,000000 0,000000
647 1711042261 0,800000 -1,000000 -101,000000 0,000000 0,000000
647 1711042262 0,800000 -1,000000 -101,000000 0,000000 0,000000
647 1711042263 0,800000 -1,000000 -101,000000 0,000000 0,000000
647 1711042264 1,400000 -1,000000 -101,000000 0,000000 0,000000
647 1711042265 1,400000 -1,000000 -101,000000 0,000000 0,000000
647 1711042266 1,400000 -1,000000 -101,000000 0,000000 0,000000
647 1711042267 1,400000 -1,000000 -101,000000 0,000000 0,000000
647 1711042268 1,400000 -1,000000 -101,000000 0,000000 0,000000
647 1711042269 2,400000 -1,000000 -101,000000 0,000000 0,000000
647 1711042270 2,400000 -1,000000 -101,000000 0,000000 0,000000
647 1711042271 2,400000 -1,000000 -101,000000 0,000000 0,000000
647 1711042272 2,400000 -1,000000 -101,000000 0,000000 0,000000
647 1711042273 2,400000 -1,000000 -101,000000 0,000000 0,000000
647 1711042274 0,400000 -1,000000 -101,000000 0,000000 0,000000
647 1711042275 0,400000 -1,000000 -101,000000 0,000000 0,000000
647 1711042276 0,400000 -1,000000 -101,000000 0,000000 0,000000
647 1711042277 0,400000 -1,000000 -101,000000 0,000000 0,000000
647 1711042278 0,400000 -1,000000 -101,000000 0,000000 0,000000
647 1711042279 1,000000 -1,000000 -101,000000 0,000000 0,000000
647 1711042280 1,000000 -1,000000 -101,000000 0,000000 0,000000
647 1711042281 1,000000 -1,000000 -101,000000 0,000000 0,000000
647 1711042282 1,000000 -1,000000 -101,000000 0,000000 0,000000
647 1711042283 1,000000 -1,000000 -101,000000 0,000000 0,000000
647 1711042284 0,600000 -1,000000 -101,000000 0,000000 0,000000
647 1711042285 0,600000 -1,000000 -101,000000 0,000000 0,000000
647 1711042286 0,600000 -1,000000 -101,000000 0,000000 0,000000
647 1711042287 0,600000 -1,000000 -101,000000 0,000000 0,000000
647 1711042288 0,600000 -1,000000 -101,000000 0,000000 0,000000
647 1711042289 1,200000 -1,000000 -101,000000 0,000000 0,000000
647 1711042290 1,200000 -1,000000 -101,000000 0,000000 0,000000
647 1711042291 1,200000 -1,000000 -101,000000 0,000000 0,000000
647 1711042292 1,200000 -1,000000 -101,000000 0,000000 0,000000
647 1711042293 1,200000 -1,000000 -101,000000 0,000000 0,000000
647 1711042294 0,200000 -1,000000 -101,000000 0,000000 0,000000
647 1711042295 0,200000 -1,000000 -101,000000 0,000000 0,000000
647 1711042296 0,200000 -1,000000 -101,000000 0,000000 0,000000
647 1711042297 0,200000 -1,000000 -101,000000 0,000000 0,000000
647 1711042298 0,200000 -1,000000 -101,000000 0,000000 0,000000
647 1711042299 0,800000 -1,000000 -101,000000 0,000000 0,000000
647 1711042300 0,800000 -1,000000 -101,000000 0,000000 0,000000
647 1711042301 0,800000 -1,000000 -101,000000 0,000000 0,000000
647 1711042302 0,800000 -1,000000 -101,000000 0,000000 0,000000
647 1711042303 0,800000 -1,000000 -101,000000 0,000000 0,000000
647 1711042304 1,000000 -1,000000 -101,000000 0,000000 0,000000
647 1711042305 1,000000 -1,000000 -101,000000 0,000000 0,000000
647 1711042306 1,000000 -1,000000 -101,000000 0,000000 0,000000
647 1711042307 1,000000 -1,000000 -101,000000 0,000000 0,000000
647 1711042308 1,000000 -1,000000 -101,000000 0,000000 0,000000
647 1711042309 2,200000 -1,000000 -101,000000 0,000000 0,000000
647 1711042310 2,200000 -1,000000 -101,000000 0,000000 0,000000
647 1711042311 2,200000 -1,000000 -101,000000 0,000000 0,000000
647 1711042312 2,200000 -1,000000 -101,000000 0,000000 0,000000
647 1711042313 2,200000 -1,000000 -101,000000 0,000000 0,000000
647 1711042314 1,200000 -1,000000 -101,000000 0,000000 0,000000
647 1711042315 1,200000 -1,000000 -101,000000 0,000000 0,000000
647 1711042316 1,200000 -1,000000 -101,000000 0,000000 0,000000
647 1711042317 1,200000 -1,000000 -101,000000 0,000000 0,000000
647 1711042318 1,200000 -1,000000 -101,000000 0,000000 0,000000
647 1711042319 1,000000 -1,000000 -101,000000 0,000000 0,000000
647 1711042320 1,000000 -1,000000 -101,000000 0,000000 0,000000
647 1711042321 1,000000 -1,000000 -101,000000 0,000000 0,000000
647 1711042322 1,000000 -1,000000 -101,000000 0,000000 0,000000
647 1711042323 1,000000 -1,000000 -101,000000 0,000000 0,000000
647 1711042324 1,200000 -1,000000 -101,000000 0,000000 0,000000
647 1711042325 1,200000 -1,000000 -101,000000 0,000000 0,000000
647 1711042326 1,200000 -1,000000 -101,000000 0,000000 0,000000
647 1711042327 1,200000 -1,000000 -101,000000 0,000000 0,000000
647 1711042328 1,200000 -1,000000 -101,000000 0,000000 0,000000
647 1711042329 1,000000 -1,000000 -101,000000 0,000000 0,000000
647 1711042330 1,000000 -1,000000 -101,000000 0,000000 0,000000
647 1711042331 1,000000 -1,000000 -101,000000 0,000000 0,000000
647 1711042332 1,000000 -1,000000 -101,000000 0,000000 0,000000
647 1711042333 1,000000 -1,000000 -101,000000 0,000000 0,000000
647 1711042334 2,000000 -1,000000 -101,000000 0,000000 0,000000
647 1711042335 2,000000 -1,000000 -101,000000 0,000000 0,000000
647 1711042336 2,000000 -1,000000 -101,000000 0,000000 0,000000
647 1711042337 2,000000 -1,000000 -101,000000 0,000000 0,000000
647 1711042338 2,000000 -1,000000 -101,000000 0,000000 0,000000
647 1711042339 0,600000 -1,000000 -101,000000 0,000000 0,000000
647 1711042340 0,600000 -1,000000 -101,000000 0,000000 0,000000
647 1711042341 0,600000 -1,000000 -101,000000 0,000000 0,000000
647 1711042342 0,600000 -1,000000 -101,000000 0,000000 0,000000
647 1711042343 0,600000 -1,000000 -101,000000 0,000000 0,000000
647 1711042344 1,000000 -1,000000 -101,000000 0,000000 0,000000
647 1711042345 1,000000 -1,000000 -101,000000 0,000000 0,000000
647 1711042346 1,000000 -1,000000 -101,000000 0,000000 0,000000
647 1711042347 1,000000 -1,000000 -101,000000 0,000000 0,000000
647 1711042348 1,000000 -1,000000 -101,000000 0,000000 0,000000
647 1711042349 1,200000 -1,000000 -101,000000 0,000000 0,000000
647 1711042350 1,200000 -1,000000 -101,000000 0,000000 0,000000
647 1711042351 1,200000 -1,000000 -101,000000 0,000000 0,000000
647 1711042352 1,200000 -1,000000 -101,000000 0,000000 0,000000
647 1711042353 1,200000 -1,000000 -101,000000 0,000000 0,000000
647 1711042354 1,400000 -1,000000 -101,000000 0,000000 0,000000
647 1711042355 1,400000 -1,000000 -101,000000 0,000000 0,000000
647 1711042356 1,400000 -1,000000 -101,000000 0,000000 0,000000
647 1711042357 1,400000 -1,000000 -101,000000 0,000000 0,000000
647 1711042358 1,400000 -1,000000 -101,000000 0,000000 0,000000
647 1711042359 2,000000 -1,000000 -101,000000 0,000000 0,000000
647 1711042360 2,000000 -1,000000 -101,000000 0,000000 0,000000
647 1711042361 2,000000 -1,000000 -101,000000 0,000000 0,000000
647 1711042362 2,000000 -1,000000 -101,000000 0,000000 0,000000
647 1711042363 2,000000 -1,000000 -101,000000 0,000000 0,000000
647 1711042364 0,600000 -1,000000 -101,000000 0,000000 0,000000
647 1711042365 0,600000 -1,000000 -101,000000 0,000000 0,000000
647 1711042366 0,600000 -1,000000 -101,000000 0,000000 0,000000
647 1711042367 0,600000 -1,000000 -101,000000 0,000000 0,000000
647 1711042368 0,600000 -1,000000 -101,000000 0,000000 0,000000
647 1711042369 1,200000 -1,000000 -101,000000 0,000000 0,000000
647 1711042370 1,200000 -1,000000 -101,000000 0,000000 0,000000
647 1711042371 1,200000 -1,000000 -101,000000 0,000000 0,000000
647 1711042372 1,200000 -1,000000 -101,000000 0,000000 0,000000
647 1711042373 1,200000 -1,000000 -101,000000 0,000000 0,000000
647 1711042374 0,200000 -1,000000 -101,000000 0,000000 0,000000
647 1711042375 0,200000 -1,000000 -101,000000 0,000000 0,000000
647 1711042376 0,200000 -1,000000 -101,000000 0,000000 0,000000
647 1711042377 0,200000 -1,000000 -101,000000 0,000000 0,000000
647 1711042378 0,200000 -1,000000 -101,000000 0,000000 0,000000
647 1711042379 1,400000 -1,000000 -101,000000 0,000000 0,000000
647 1711042380 1,400000 -1,000000 -101,000000 0,000000 0,000000
647 1711042381 1,400000 -1,000000 -101,000000 0,000000 0,000000
647 1711042382 1,400000 -1,000000 -101,000000 0,000000 0,000000
647 1711042383 1,400000 -1,000000 -101,000000 0,000000 0,000000
647 1711042384 0,600000 -1,000000 -101,000000 0,000000 0,000000
647 1711042385 0,600000 -1,000000 -101,000000 0,000000 0,000000
647 1711042386 0,600000 -1,000000 -101,000000 0,000000 0,000000
647 1711042387 0,600000 -1,000000 -101,000000 0,000000 0,000000
647 1711042388 0,600000 -1,000000 -101,000000 0,000000 0,000000
647 1711042389 1,200000 -1,000000 -101,000000 0,000000 0,000000
647 1711042390 1,200000 -1,000000 -101,000000 0,000000 0,000000
647 1711042391 1,200000 -1,000000 -101,000000 0,000000 0,000000
647 1711042392 1,200000 -1,000000 -101,000000 0,000000 0,000000
647 1711042393 1,200000 -1,000000 -101,000000 0,000000 0,000000
647 1711042394 0,200000 -1,000000 -101,000000 0,000000 0,000000
647 1711042395 0,200000 -1,000000 -101,000000 0,000000 0,000000
647 1711042396 0,200000 -1,000000 -101,000000 0,000000 0,000000
647 1711042397 0,200000 -1,000000 -101,000000 0,000000 0,000000
647 1711042398 0,200000 -1,000000 -101,000000 0,000000 0,000000
647 1711042399 1,600000 -1,000000 -101,000000 0,000000 0,000000
647 1711042400 1,600000 -1,000000 -101,000000 0,000000 0,000000
647 1711042401 1,600000 -1,000000 -101,000000 0,000000 0,000000
647 1711042402 1,600000 -1,000000 -101,000000 0,000000 0,000000
647 1711042403 1,600000 -1,000000 -101,000000 0,000000 0,000000
647 1711042404 1,000000 -1,000000 -101,000000 0,000000 0,000000
647 1711042405 1,000000 -1,000000 -101,000000 0,000000 0,000000
647 1711042406 1,000000 -1,000000 -101,000000 0,000000 0,000000
647 1711042407 1,000000 -1,000000 -101,000000 0,000000 0,000000
647 1711042408 1,000000 -1,000000 -101,000000 0,000000 0,000000
647 1711042409 1,400000 -1,000000 -101,000000 0,000000 0,000000
647 1711042410 1,400000 -1,000000 -101,000000 0,000000 0,000000
647 1711042411 1,400000 -1,000000 -101,000000 0,000000 0,000000
647 1711042412 1,400000 -1,000000 -101,000000 0,000000 0,000000
647 1711042413 1,400000 -1,000000 -101,000000 0,000000 0,000000
647 1711042414 1,400000 -1,000000 -101,000000 0,000000 0,000000
647 1711042415 1,400000 -1,000000 -101,000000 0,000000 0,000000
647 1711042416 1,400000 -1,000000 -101,000000 0,000000 0,000000
647 1711042417 1,400000 -1,000000 -101,000000 0,000000 0,000000
647 1711042418 1,400000 -1,000000 -101,000000 0,000000 0,000000
647 1711042419 0,800000 -1,000000 -101,000000 0,000000 0,000000
647 1711042420 0,800000 -1,000000 -101,000000 0,000000 0,000000
647 1711042421 0,800000 -1,000000 -101,000000 0,000000 0,000000
647 1711042422 0,800000 -1,000000 -101,000000 0,000000 0,000000
647 1711042423 0,800000 -1,000000 -101,000000 0,000000 0,000000
647 1711042424 1,200000 -1,000000 -101,000000 0,000000 0,000000
647 1711042425 1,200000 -1,000000 -101,000000 0,000000 0,000000
647 1711042426 1,200000 -1,000000 -101,000000 0,000000 0,000000
647 1711042427 1,200000 -1,000000 -101,000000 0,000000 0,000000
647 1711042428 1,200000 -1,000000 -101,000000 0,000000 0,000000
647 1711042429 1,000000 -1,000000 -101,000000 0,000000 0,000000
647 1711042430 1,000000 -1,000000 -101,000000 0,000000 0,000000
647 1711042431 1,000000 -1,000000 -101,000000 0,000000 0,000000
647 1711042432 1,000000 -1,000000 -101,000000 0,000000 0,000000
647 1711042433 1,000000 -1,000000 -101,000000 0,000000 0,000000
647 1711042434 1,200000 -1,000000 -101,000000 0,000000 0,000000
647 1711042435 1,200000 -1,000000 -101,000000 0,000000 0,000000
647 1711042436 1,200000 -1,000000 -101,000000 0,000000 0,000000
647 1711042437 1,200000 -1,000000 -101,000000 0,000000 0,000000
647 1711042438 1,200000 -1,000000 -101,000000 0,000000 0,000000
647 1711042439 0,600000 -1,000000 -101,000000 0,000000 0,000000
647 1711042440 0,600000 -1,000000 -101,000000 0,000000 0,000000
647 1711042441 0,600000 -1,000000 -101,000000 0,000000 0,000000
647 1711042442 0,600000 -1,000000 -101,000000 0,000000 0,000000
647 1711042443 0,600000 -1,000000 -101,000000 0,000000 0,000000
647 1711042444 1,400000 -1,000000 -101,000000 0,000000 0,000000
647 1711042445 1,400000 -1,000000 -101,000000 0,000000 0,000000
647 1711042446 1,400000 -1,000000 -101,000000 0,000000 0,000000
647 1711042447 1,400000 -1,000000 -101,000000 0,000000 0,000000
647 1711042448 1,400000 -1,000000 -101,000000 0,000000 0,000000
647 1711042449 2,000000 -1,000000 -101,000000 0,000000 0,000000
647 1711042450 2,000000 -1,000000 -101,000000 0,000000 0,000000
647 1711042451 2,000000 -1,000000 -101,000000 0,000000 0,000000
647 1711042452 2,000000 -1,000000 -101,000000 0,000000 0,000000
647 1711042453 2,000000 -1,000000 -101,000000 0,000000 0,000000
647 1711042454 1,200000 -1,000000 -101,000000 0,000000 0,000000
647 1711042455 1,200000 -1,000000 -101,000000 0,000000 0,000000
647 1711042456 1,200000 -1,000000 -101,000000 0,000000 0,000000
647 1711042457 1,200000 -1,000000 -101,000000 0,000000 0,000000
647 1711042458 1,200000 -1,000000 -101,000000 0,000000 0,000000
647 1711042459 1,800000 -1,000000 -101,000000 0,000000 0,000000
647 1711042460 1,800000 -1,000000 -101,000000 0,000000 0,000000
647 1711042461 1,800000 -1,000000 -101,000000 0,000000 0,000000
647 1711042462 1,800000 -1,000000 -101,000000 0,000000 0,000000
647 1711042463 1,800000 -1,000000 -101,000000 0,000000 0,000000
647 1711042464 0,400000 -1,000000 -101,000000 0,000000 0,000000
647 1711042465 0,400000 -1,000000 -101,000000 0,000000 0,000000
647 1711042466 0,400000 -1,000000 -101,000000 0,000000 0,000000
647 1711042467 0,400000 -1,000000 -101,000000 0,000000 0,000000
647 1711042468 0,400000 -1,000000 -101,000000 0,000000 0,000000
647 1711042469 1,000000 -1,000000 -101,000000 0,000000 0,000000
647 1711042470 1,000000 -1,000000 -101,000000 0,000000 0,000000
647 1711042471 1,000000 -1,000000 -101,000000 0,000000 0,000000
647 1711042472 1,000000 -1,000000 -101,000000 0,000000 0,000000
647 1711042473 1,000000 -1,000000 -101,000000 0,000000 0,000000
647 1711042474 1,200000 -1,000000 -101,000000 0,000000 0,000000
647 1711042475 1,200000 -1,000000 -101,000000 0,000000 0,000000
647 1711042476 1,200000 -1,000000 -101,000000 0,000000 0,000000
647 1711042477 1,200000 -1,000000 -101,000000 0,000000 0,000000
647 1711042538 1,200000 -1,000000 1,200000 1,200000 0,288000
647 1711042537 1,200000 -1,000000 1,200000 1,200000 0,288000
647 1711042536 1,200000 -1,000000 1,200000 1,200000 0,288000
647 1711042535 1,200000 -1,000000 1,200000 1,200000 0,288000
647 1711042534 1,200000 -1,000000 1,200000 1,200000 0,288000
647 1711042533 0,600000 -1,000000 0,600000 0,600000 0,072000
647 1711042532 0,600000 -1,000000 0,600000 0,600000 0,072000
647 1711042531 0,600000 -1,000000 0,600000 0,600000 0,072000
647 1711042530 0,600000 -1,000000 0,600000 0,600000 0,072000
647 1711042529 0,600000 -1,000000 0,600000 0,600000 0,072000
647 1711042528 0,800000 -1,000000 0,800000 0,800000 0,128000
647 1711042527 0,800000 -1,000000 0,800000 0,800000 0,128000
647 1711042526 0,800000 -1,000000 0,800000 0,800000 0,128000
647 1711042525 0,800000 -1,000000 0,800000 0,800000 0,128000
647 1711042524 0,800000 -1,000000 0,800000 0,800000 0,128000
647 1711042523 0,800000 -1,000000 0,800000 0,800000 0,128000
647 1711042522 0,800000 -1,000000 0,800000 0,800000 0,128000
647 1711042521 0,800000 -1,000000 0,800000 0,800000 0,128000
647 1711042520 0,800000 -1,000000 0,800000 0,800000 0,128000
647 1711042519 0,800000 -1,000000 0,800000 0,800000 0,128000
647 1711042518 1,000000 -1,000000 1,000000 1,000000 0,200000
647 1711042517 1,000000 -1,000000 1,000000 1,000000 0,200000
647 1711042516 1,000000 -1,000000 1,000000 1,000000 0,200000
647 1711042515 1,000000 -1,000000 1,000000 1,000000 0,200000
647 1711042514 1,000000 -1,000000 1,000000 1,000000 0,200000
647 1711042513 0,800000 -1,000000 0,800000 0,800000 0,128000
647 1711042512 0,800000 -1,000000 0,800000 0,800000 0,128000
647 1711042511 0,800000 -1,000000 0,800000 0,800000 0,128000
647 1711042510 0,800000 -1,000000 0,800000 0,800000 0,128000
647 1711042509 0,800000 -1,000000 0,800000 0,800000 0,128000
647 1711042508 2,200000 -1,000000 2,200000 2,200000 0,968000
647 1711042507 2,200000 -1,000000 2,200000 2,200000 0,968000
647 1711042506 2,200000 -1,000000 2,200000 2,200000 0,968000
647 1711042505 2,200000 -1,000000 2,200000 2,200000 0,968000
647 1711042504 2,200000 -1,000000 2,200000 2,200000 0,968000
647 1711042503 1,000000 -1,000000 1,000000 1,000000 0,200000
647 1711042502 1,000000 -1,000000 1,000000 1,000000 0,200000
647 1711042501 1,000000 -1,000000 1,000000 1,000000 0,200000
647 1711042500 1,000000 -1,000000 1,000000 1,000000 0,200000
647 1711042499 1,000000 -1,000000 1,000000 1,000000 0,200000
647 1711042498 0,800000 -1,000000 0,800000 0,800000 0,128000
647 1711042497 0,800000 -1,000000 0,800000 0,800000 0,128000
647 1711042496 0,800000 -1,000000 0,800000 0,800000 0,128000
647 1711042495 0,800000 -1,000000 0,800000 0,800000 0,128000
647 1711042494 0,800000 -1,000000 0,800000 0,800000 0,128000
647 1711042493 1,600000 -1,000000 1,600000 1,600000 0,512000
647 1711042492 1,600000 -1,000000 1,600000 1,600000 0,512000
647 1711042491 1,600000 -1,000000 1,600000 1,600000 0,512000
647 1711042490 1,600000 -1,000000 1,600000 1,600000 0,512000
647 1711042489 1,600000 -1,000000 1,600000 1,600000 0,512000
647 1711042488 0,800000 -1,000000 0,800000 0,800000 0,128000
647 1711042487 0,800000 -1,000000 0,800000 0,800000 0,128000
647 1711042486 0,800000 -1,000000 0,800000 0,800000 0,128000
647 1711042485 0,800000 -1,000000 0,800000 0,800000 0,128000
647 1711042484 0,800000 -1,000000 0,800000 0,800000 0,128000
647 1711042483 0,200000 -1,000000 0,200000 0,200000 0,008000
647 1711042482 0,200000 -1,000000 0,200000 0,200000 0,008000
647 1711042481 0,200000 -1,000000 0,200000 0,200000 0,008000
647 1711042480 0,200000 -1,000000 0,200000 0,200000 0,008000
647 1711042479 0,200000 -1,000000 0,200000 0,200000 0,008000
647 1711042478 1,200000 -1,000000 1,200000 1,200000 0,288000
647 1711042478 1,200000 -1,000000 -101,000000 0,000000 0,000000
647 1711042479 0,200000 -1,000000 -101,000000 0,000000 0,000000
647 1711042480 0,200000 -1,000000 -101,000000 0,000000 0,000000
647 1711042481 0,200000 -1,000000 -101,000000 0,000000 0,000000
647 1711042482 0,200000 -1,000000 -101,000000 0,000000 0,000000
647 1711042483 0,200000 -1,000000 -101,000000 0,000000 0,000000
647 1711042484 0,800000 -1,000000 -101,000000 0,000000 0,000000
647 1711042485 0,800000 -1,000000 -101,000000 0,000000 0,000000
647 1711042486 0,800000 -1,000000 -101,000000 0,000000 0,000000
647 1711042487 0,800000 -1,000000 -101,000000 0,000000 0,000000
647 1711042488 0,800000 -1,000000 -101,000000 0,000000 0,000000
647 1711042489 1,600000 -1,000000 -101,000000 0,000000 0,000000
647 1711042490 1,600000 -1,000000 -101,000000 0,000000 0,000000
647 1711042491 1,600000 -1,000000 -101,000000 0,000000 0,000000
647 1711042492 1,600000 -1,000000 -101,000000 0,000000 0,000000
647 1711042493 1,600000 -1,000000 -101,000000 0,000000 0,000000
647 1711042494 0,800000 -1,000000 -101,000000 0,000000 0,000000
647 1711042495 0,800000 -1,000000 -101,000000 0,000000 0,000000
647 1711042496 0,800000 -1,000000 -101,000000 0,000000 0,000000
647 1711042497 0,800000 -1,000000 -101,000000 0,000000 0,000000
647 1711042498 0,800000 -1,000000 -101,000000 0,000000 0,000000
647 1711042499 1,000000 -1,000000 -101,000000 0,000000 0,000000
647 1711042500 1,000000 -1,000000 -101,000000 0,000000 0,000000
647 1711042501 1,000000 -1,000000 -101,000000 0,000000 0,000000
647 1711042502 1,000000 -1,000000 -101,000000 0,000000 0,000000
647 1711042503 1,000000 -1,000000 -101,000000 0,000000 0,000000
647 1711042504 2,200000 -1,000000 -101,000000 0,000000 0,000000
647 1711042505 2,200000 -1,000000 -101,000000 0,000000 0,000000
647 1711042506 2,200000 -1,000000 -101,000000 0,000000 0,000000
647 1711042507 2,200000 -1,000000 -101,000000 0,000000 0,000000
647 1711042508 2,200000 -1,000000 -101,000000 0,000000 0,000000
647 1711042509 0,800000 -1,000000 -101,000000 0,000000 0,000000
647 1711042510 0,800000 -1,000000 -101,000000 0,000000 0,000000
647 1711042511 0,800000 -1,000000 -101,000000 0,000000 0,000000
647 1711042512 0,800000 -1,000000 -101,000000 0,000000 0,000000
647 1711042513 0,800000 -1,000000 -101,000000 0,000000 0,000000
647 1711042514 1,000000 -1,000000 -101,000000 0,000000 0,000000
647 1711042515 1,000000 -1,000000 -101,000000 0,000000 0,000000
647 1711042516 1,000000 -1,000000 -101,000000 0,000000 0,000000
647 1711042517 1,000000 -1,000000 -101,000000 0,000000 0,000000
647 1711042518 1,000000 -1,000000 -101,000000 0,000000 0,000000
647 1711042519 0,800000 -1,000000 -101,000000 0,000000 0,000000
647 1711042520 0,800000 -1,000000 -101,000000 0,000000 0,000000
647 1711042521 0,800000 -1,000000 -101,000000 0,000000 0,000000
647 1711042522 0,800000 -1,000000 -101,000000 0,000000 0,000000
647 1711042523 0,800000 -1,000000 -101,000000 0,000000 0,000000
647 1711042524 0,800000 -1,000000 -101,000000 0,000000 0,000000
647 1711042525 0,800000 -1,000000 -101,000000 0,000000 0,000000
647 1711042526 0,800000 -1,000000 -101,000000 0,000000 0,000000
647 1711042527 0,800000 -1,000000 -101,000000 0,000000 0,000000
647 1711042528 0,800000 -1,000000 -101,000000 0,000000 0,000000
647 1711042529 0,600000 -1,000000 -101,000000 0,000000 0,000000
647 1711042530 0,600000 -1,000000 -101,000000 0,000000 0,000000
647 1711042531 0,600000 -1,000000 -101,000000 0,000000 0,000000
647 1711042532 0,600000 -1,000000 -101,000000 0,000000 0,000000
647 1711042533 0,600000 -1,000000 -101,000000 0,000000 0,000000
647 1711042534 1,200000 -1,000000 -101,000000 0,000000 0,000000
647 1711042535 1,200000 -1,000000 -101,000000 0,000000 0,000000
647 1711042536 1,200000 -1,000000 -101,000000 0,000000 0,000000
647 1711042537 1,200000 -1,000000 -101,000000 0,000000 0,000000
647 1711042538 1,200000 -1,000000 -101,000000 0,000000 0,000000
647 1711042539 1,400000 -1,000000 -101,000000 0,000000 0,000000
647 1711042540 1,400000 -1,000000 -101,000000 0,000000 0,000000
647 1711042541 1,400000 -1,000000 -101,000000 0,000000 0,000000
647 1711042542 1,400000 -1,000000 -101,000000 0,000000 0,000000
647 1711042543 1,400000 -1,000000 -101,000000 0,000000 0,000000
647 1711042544 0,800000 -1,000000 -101,000000 0,000000 0,000000
647 1711042545 0,800000 -1,000000 -101,000000 0,000000 0,000000
647 1711042546 0,800000 -1,000000 -101,000000 0,000000 0,000000
647 1711042547 0,800000 -1,000000 -101,000000 0,000000 0,000000
647 1711042548 0,800000 -1,000000 -101,000000 0,000000 0,000000
647 1711042549 2,000000 -1,000000 -101,000000 0,000000 0,000000
647 1711042550 2,000000 -1,000000 -101,000000 0,000000 0,000000
647 1711042551 2,000000 -1,000000 -101,000000 0,000000 0,000000
647 1711042552 2,000000 -1,000000 -101,000000 0,000000 0,000000
647 1711042553 2,000000 -1,000000 -101,000000 0,000000 0,000000
647 1711042554 1,200000 -1,000000 -101,000000 0,000000 0,000000
647 1711042555 1,200000 -1,000000 -101,000000 0,000000 0,000000
647 1711042556 1,200000 -1,000000 -101,000000 0,000000 0,000000
647 1711042557 1,200000 -1,000000 -101,000000 0,000000 0,000000
647 1711042558 1,200000 -1,000000 -101,000000 0,000000 0,000000
647 1711042559 1,000000 -1,000000 -101,000000 0,000000 0,000000
647 1711042560 1,000000 -1,000000 -101,000000 0,000000 0,000000
647 1711042561 1,000000 -1,000000 -101,000000 0,000000 0,000000
647 1711042562 1,000000 -1,000000 -101,000000 0,000000 0,000000
647 1711042563 1,000000 -1,000000 -101,000000 0,000000 0,000000
647 1711042564 1,200000 -1,000000 -101,000000 0,000000 0,000000
647 1711042565 1,200000 -1,000000 -101,000000 0,000000 0,000000
647 1711042566 1,200000 -1,000000 -101,000000 0,000000 0,000000
647 1711042567 1,200000 -1,000000 -101,000000 0,000000 0,000000
647 1711042568 1,200000 -1,000000 -101,000000 0,000000 0,000000
647 1711042569 0,600000 -1,000000 -101,000000 0,000000 0,000000
647 1711042570 0,600000 -1,000000 -101,000000 0,000000 0,000000
647 1711042571 0,600000 -1,000000 -101,000000 0,000000 0,000000
647 1711042572 0,600000 -1,000000 -101,000000 0,000000 0,000000
647 1711042573 0,600000 -1,000000 -101,000000 0,000000 0,000000
647 1711042574 0,600000 -1,000000 -101,000000 0,000000 0,000000
647 1711042575 0,600000 -1,000000 -101,000000 0,000000 0,000000
647 1711042576 0,600000 -1,000000 -101,000000 0,000000 0,000000
647 1711042577 0,600000 -1,000000 -101,000000 0,000000 0,000000
647 1711042578 0,600000 -1,000000 -101,000000 0,000000 0,000000
647 1711042579 1,000000 -1,000000 -101,000000 0,000000 0,000000
647 1711042580 1,000000 -1,000000 -101,000000 0,000000 0,000000
647 1711042581 1,000000 -1,000000 -101,000000 0,000000 0,000000
647 1711042582 1,000000 -1,000000 -101,000000 0,000000 0,000000
647 1711042583 1,000000 -1,000000 -101,000000 0,000000 0,000000
647 1711042584 1,400000 -1,000000 -101,000000 0,000000 0,000000
647 1711042585 1,400000 -1,000000 -101,000000 0,000000 0,000000
647 1711042586 1,400000 -1,000000 -101,000000 0,000000 0,000000
647 1711042587 1,400000 -1,000000 -101,000000 0,000000 0,000000
647 1711042588 1,400000 -1,000000 -101,000000 0,000000 0,000000
647 1711042589 0,800000 -1,000000 -101,000000 0,000000 0,000000
647 1711042590 0,800000 -1,000000 -101,000000 0,000000 0,000000
647 1711042591 0,800000 -1,000000 -101,000000 0,000000 0,000000
647 1711042592 0,800000 -1,000000 -101,000000 0,000000 0,000000
647 1711042593 0,800000 -1,000000 -101,000000 0,000000 0,000000
647 1711042594 1,200000 -1,000000 -101,000000 0,000000 0,000000
647 1711042595 1,200000 -1,000000 -101,000000 0,000000 0,000000
647 1711042596 1,200000 -1,000000 -101,000000 0,000000 0,000000
647 1711042597 1,200000 -1,000000 -101,000000 0,000000 0,000000
647 1711042598 1,200000 -1,000000 -101,000000 0,000000 0,000000
647 1711042599 2,000000 -1,000000 -101,000000 0,000000 0,000000
647 1711042600 2,000000 -1,000000 -101,000000 0,000000 0,000000
647 1711042601 2,000000 -1,000000 -101,000000 0,000000 0,000000
647 1711042602 2,000000 -1,000000 -101,000000 0,000000 0,000000
647 1711042603 2,000000 -1,000000 -101,000000 0,000000 0,000000
647 1711042604 1,200000 -1,000000 -101,000000 0,000000 0,000000
647 1711042605 1,200000 -1,000000 -101,000000 0,000000 0,000000
647 1711042606 1,200000 -1,000000 -101,000000 0,000000 0,000000
647 1711042607 1,200000 -1,000000 -101,000000 0,000000 0,000000
647 1711042608 1,200000 -1,000000 -101,000000 0,000000 0,000000
647 1711042609 0,600000 -1,000000 -101,000000 0,000000 0,000000
647 1711042610 0,600000 -1,000000 -101,000000 0,000000 0,000000
647 1711042611 0,600000 -1,000000 -101,000000 0,000000 0,000000
647 1711042612 0,600000 -1,000000 -101,000000 0,000000 0,000000
647 1711042613 0,600000 -1,000000 -101,000000 0,000000 0,000000
647 1711042614 0,600000 -1,000000 -101,000000 0,000000 0,000000
647 1711042615 0,600000 -1,000000 -101,000000 0,000000 0,000000
647 1711042616 0,600000 -1,000000 -101,000000 0,000000 0,000000
647 1711042617 0,600000 -1,000000 -101,000000 0,000000 0,000000
647 1711042618 0,600000 -1,000000 -101,000000 0,000000 0,000000
647 1711042619 0,400000 -1,000000 -101,000000 0,000000 0,000000
647 1711042620 0,400000 -1,000000 -101,000000 0,000000 0,000000
647 1711042621 0,400000 -1,000000 -101,000000 0,000000 0,000000
647 1711042622 0,400000 -1,000000 -101,000000 0,000000 0,000000
647 1711042623 0,400000 -1,000000 -101,000000 0,000000 0,000000
647 1711042624 1,200000 -1,000000 -101,000000 0,000000 0,000000
647 1711042625 1,200000 -1,000000 -101,000000 0,000000 0,000000
647 1711042626 1,200000 -1,000000 -101,000000 0,000000 0,000000
647 1711042627 1,200000 -1,000000 -101,000000 0,000000 0,000000
647 1711042628 1,200000 -1,000000 -101,000000 0,000000 0,000000
647 1711042629 2,200000 -1,000000 -101,000000 0,000000 0,000000
647 1711042630 2,200000 -1,000000 -101,000000 0,000000 0,000000
647 1711042631 2,200000 -1,000000 -101,000000 0,000000 0,000000
647 1711042632 2,200000 -1,000000 -101,000000 0,000000 0,000000
647 1711042633 2,200000 -1,000000 -101,000000 0,000000 0,000000
647 1711042634 1,400000 -1,000000 -101,000000 0,000000 0,000000
647 1711042635 1,400000 -1,000000 -101,000000 0,000000 0,000000
647 1711042636 1,400000 -1,000000 -101,000000 0,000000 0,000000
647 1711042637 1,400000 -1,000000 -101,000000 0,000000 0,000000
647 1711042638 1,400000 -1,000000 -101,000000 0,000000 0,000000
647 1711042639 1,200000 -1,000000 -101,000000 0,000000 0,000000
647 1711042640 1,200000 -1,000000 -101,000000 0,000000 0,000000
647 1711042641 1,200000 -1,000000 -101,000000 0,000000 0,000000
647 1711042642 1,200000 -1,000000 -101,000000 0,000000 0,000000
647 1711042643 1,200000 -1,000000 -101,000000 0,000000 0,000000
647 1711042644 0,800000 -1,000000 -101,000000 0,000000 0,000000
647 1711042645 0,800000 -1,000000 -101,000000 0,000000 0,000000
647 1711042646 0,800000 -1,000000 -101,000000 0,000000 0,000000
647 1711042647 0,800000 -1,000000 -101,000000 0,000000 0,000000
647 1711042648 0,800000 -1,000000 -101,000000 0,000000 0,000000
647 1711042649 1,600000 -1,000000 -101,000000 0,000000 0,000000
647 1711042650 1,600000 -1,000000 -101,000000 0,000000 0,000000
647 1711042651 1,600000 -1,000000 -101,000000 0,000000 0,000000
647 1711042652 1,600000 -1,000000 -101,000000 0,000000 0,000000
647 1711042653 1,600000 -1,000000 -101,000000 0,000000 0,000000
647 1711042654 0,600000 -1,000000 -101,000000 0,000000 0,000000
647 1711042655 0,600000 -1,000000 -101,000000 0,000000 0,000000
647 1711042656 0,600000 -1,000000 -101,000000 0,000000 0,000000
647 1711042657 0,600000 -1,000000 -101,000000 0,000000 0,000000
647 1711042658 0,600000 -1,000000 -101,000000 0,000000 0,000000
647 1711042659 0,600000 -1,000000 -101,000000 0,000000 0,000000
647 1711042660 0,600000 -1,000000 -101,000000 0,000000 0,000000
647 1711042661 0,600000 -1,000000 -101,000000 0,000000 0,000000
647 1711042662 0,600000 -1,000000 -101,000000 0,000000 0,000000
647 1711042663 0,600000 -1,000000 -101,000000 0,000000 0,000000
647 1711042664 1,000000 -1,000000 -101,000000 0,000000 0,000000
647 1711042665 1,000000 -1,000000 -101,000000 0,000000 0,000000
647 1711042666 1,000000 -1,000000 -101,000000 0,000000 0,000000
647 1711042667 1,000000 -1,000000 -101,000000 0,000000 0,000000
647 1711042668 1,000000 -1,000000 -101,000000 0,000000 0,000000
647 1711042669 1,200000 -1,000000 -101,000000 0,000000 0,000000
647 1711042670 1,200000 -1,000000 -101,000000 0,000000 0,000000
647 1711042671 1,200000 -1,000000 -101,000000 0,000000 0,000000
647 1711042672 1,200000 -1,000000 -101,000000 0,000000 0,000000
647 1711042673 1,200000 -1,000000 -101,000000 0,000000 0,000000
647 1711042674 1,200000 -1,000000 -101,000000 0,000000 0,000000
647 1711042675 1,200000 -1,000000 -101,000000 0,000000 0,000000
647 1711042676 1,200000 -1,000000 -101,000000 0,000000 0,000000
647 1711042677 1,200000 -1,000000 -101,000000 0,000000 0,000000
647 1711042678 1,200000 -1,000000 -101,000000 0,000000 0,000000
647 1711042679 0,800000 -1,000000 -101,000000 0,000000 0,000000
647 1711042680 0,800000 -1,000000 -101,000000 0,000000 0,000000
647 1711042681 0,800000 -1,000000 -101,000000 0,000000 0,000000
647 1711042682 0,800000 -1,000000 -101,000000 0,000000 0,000000
647 1711042683 0,800000 -1,000000 -101,000000 0,000000 0,000000
647 1711042684 1,600000 -1,000000 -101,000000 0,000000 0,000000
647 1711042685 1,600000 -1,000000 -101,000000 0,000000 0,000000
647 1711042686 1,600000 -1,000000 -101,000000 0,000000 0,000000
647 1711042687 1,600000 -1,000000 -101,000000 0,000000 0,000000
647 1711042688 1,600000 -1,000000 -101,000000 0,000000 0,000000
647 1711042689 0,800000 -1,000000 -101,000000 0,000000 0,000000
647 1711042690 0,800000 -1,000000 -101,000000 0,000000 0,000000
647 1711042691 0,800000 -1,000000 -101,000000 0,000000 0,000000
647 1711042692 0,800000 -1,000000 -101,000000 0,000000 0,000000
647 1711042693 0,800000 -1,000000 -101,000000 0,000000 0,000000
647 1711042694 2,000000 -1,000000 -101,000000 0,000000 0,000000
647 1711042695 2,000000 -1,000000 -101,000000 0,000000 0,000000
647 1711042696 2,000000 -1,000000 -101,000000 0,000000 0,000000
647 1711042697 2,000000 -1,000000 -101,000000 0,000000 0,000000
647 1711042698 2,000000 -1,000000 -101,000000 0,000000 0,000000
647 1711042699 0,800000 -1,000000 -101,000000 0,000000 0,000000
647 1711042700 0,800000 -1,000000 -101,000000 0,000000 0,000000
647 1711042701 0,800000 -1,000000 -101,000000 0,000000 0,000000
647 1711042702 0,800000 -1,000000 -101,000000 0,000000 0,000000
647 1711042703 0,800000 -1,000000 -101,000000 0,000000 0,000000
647 1711042704 0,400000 -1,000000 -101,000000 0,000000 0,000000
647 1711042705 0,400000 -1,000000 -101,000000 0,000000 0,000000
647 1711042706 0,400000 -1,000000 -101,000000 0,000000 0,000000
647 1711042707 0,400000 -1,000000 -101,000000 0,000000 0,000000
647 1711042708 0,400000 -1,000000 -101,000000 0,000000 0,000000
647 1711042709 1,800000 -1,000000 -101,000000 0,000000 0,000000
647 1711042710 1,800000 -1,000000 -101,000000 0,000000 0,000000
647 1711042711 1,800000 -1,000000 -101,000000 0,000000 0,000000
647 1711042712 1,800000 -1,000000 -101,000000 0,000000 0,000000
647 1711042713 1,800000 -1,000000 -101,000000 0,000000 0,000000
647 1711042714 1,200000 -1,000000 -101,000000 0,000000 0,000000
647 1711042715 1,200000 -1,000000 -101,000000 0,000000 0,000000
647 1711042716 1,200000 -1,000000 -101,000000 0,000000 0,000000
647 1711042717 1,200000 -1,000000 -101,000000 0,000000 0,000000
647 1711042718 1,200000 -1,000000 -101,000000 0,000000 0,000000
647 1711042719 1,400000 -1,000000 -101,000000 0,000000 0,000000
647 1711042720 1,400000 -1,000000 -101,000000 0,000000 0,000000
647 1711042721 1,400000 -1,000000 -101,000000 0,000000 0,000000
647 1711042722 1,400000 -1,000000 -101,000000 0,000000 0,000000
647 1711042723 1,400000 -1,000000 -101,000000 0,000000 0,000000
647 1711042724 0,600000 -1,000000 -101,000000 0,000000 0,000000
647 1711042725 0,600000 -1,000000 -101,000000 0,000000 0,000000
647 1711042726 0,600000 -1,000000 -101,000000 0,000000 0,000000
647 1711042727 0,600000 -1,000000 -101,000000 0,000000 0,000000
647 1711042728 0,600000 -1,000000 -101,000000 0,000000 0,000000
647 1711042729 1,200000 -1,000000 -101,000000 0,000000 0,000000
647 1711042730 1,200000 -1,000000 -101,000000 0,000000 0,000000
647 1711042731 1,200000 -1,000000 -101,000000 0,000000 0,000000
647 1711042732 1,200000 -1,000000 -101,000000 0,000000 0,000000
647 1711042733 1,200000 -1,000000 -101,000000 0,000000 0,000000
647 1711042734 1,200000 -1,000000 -101,000000 0,000000 0,000000
647 1711042735 1,200000 -1,000000 -101,000000 0,000000 0,000000
647 1711042736 1,200000 -1,000000 -101,000000 0,000000 0,000000
647 1711042737 1,200000 -1,000000 -101,000000 0,000000 0,000000
647 1711042738 1,200000 -1,000000 -101,000000 0,000000 0,000000
647 1711042739 1,200000 -1,000000 -101,000000 0,000000 0,000000
647 1711042740 1,200000 -1,000000 -101,000000 0,000000 0,000000
647 1711042741 1,200000 -1,000000 -101,000000 0,000000 0,000000
647 1711042742 1,200000 -1,000000 -101,000000 0,000000 0,000000
647 1711042743 1,200000 -1,000000 -101,000000 0,000000 0,000000
647 1711042744 1,600000 -1,000000 -101,000000 0,000000 0,000000
647 1711042745 1,600000 -1,000000 -101,000000 0,000000 0,000000
647 1711042746 1,600000 -1,000000 -101,000000 0,000000 0,000000
647 1711042747 1,600000 -1,000000 -101,000000 0,000000 0,000000
647 1711042748 1,600000 -1,000000 -101,000000 0,000000 0,000000
647 1711042749 0,400000 -1,000000 -101,000000 0,000000 0,000000
647 1711042750 0,400000 -1,000000 -101,000000 0,000000 0,000000
647 1711042751 0,400000 -1,000000 -101,000000 0,000000 0,000000
647 1711042752 0,400000 -1,000000 -101,000000 0,000000 0,000000
647 1711042753 0,400000 -1,000000 -101,000000 0,000000 0,000000
647 1711042754 0,600000 -1,000000 -101,000000 0,000000 0,000000
647 1711042755 0,600000 -1,000000 -101,000000 0,000000 0,000000
647 1711042756 0,600000 -1,000000 -101,000000 0,000000 0,000000
647 1711042757 0,600000 -1,000000 -101,000000 0,000000 0,000000
647 1711042758 0,600000 -1,000000 -101,000000 0,000000 0,000000
647 1711042759 1,200000 -1,000000 -101,000000 0,000000 0,000000
647 1711042760 1,200000 -1,000000 -101,000000 0,000000 0,000000
647 1711042761 1,200000 -1,000000 -101,000000 0,000000 0,000000
647 1711042762 1,200000 -1,000000 -101,000000 0,000000 0,000000
647 1711042763 1,200000 -1,000000 -101,000000 0,000000 0,000000
647 1711042764 0,400000 -1,000000 -101,000000 0,000000 0,000000
647 1711042765 0,400000 -1,000000 -101,000000 0,000000 0,000000
647 1711042766 0,400000 -1,000000 -101,000000 0,000000 0,000000
647 1711042767 0,400000 -1,000000 -101,000000 0,000000 0,000000
647 1711042768 0,400000 -1,000000 -101,000000 0,000000 0,000000
647 1711042769 0,800000 -1,000000 -101,000000 0,000000 0,000000
647 1711042770 0,800000 -1,000000 -101,000000 0,000000 0,000000
647 1711042771 0,800000 -1,000000 -101,000000 0,000000 0,000000
647 1711042772 0,800000 -1,000000 -101,000000 0,000000 0,000000
647 1711042773 0,800000 -1,000000 -101,000000 0,000000 0,000000
647 1711042774 1,400000 -1,000000 -101,000000 0,000000 0,000000
647 1711042775 1,400000 -1,000000 -101,000000 0,000000 0,000000
647 1711042776 1,400000 -1,000000 -101,000000 0,000000 0,000000
647 1711042777 1,400000 -1,000000 -101,000000 0,000000 0,000000
647 1711042778 1,400000 -1,000000 -101,000000 0,000000 0,000000
647 1711042779 0,800000 -1,000000 -101,000000 0,000000 0,000000
647 1711042780 0,800000 -1,000000 -101,000000 0,000000 0,000000
647 1711042781 0,800000 -1,000000 -101,000000 0,000000 0,000000
647 1711042782 0,800000 -1,000000 -101,000000 0,000000 0,000000
647 1711042783 0,800000 -1,000000 -101,000000 0,000000 0,000000
647 1711042784 2,000000 -1,000000 -101,000000 0,000000 0,000000
647 1711042785 2,000000 -1,000000 -101,000000 0,000000 0,000000
647 1711042786 2,000000 -1,000000 -101,000000 0,000000 0,000000
647 1711042787 2,000000 -1,000000 -101,000000 0,000000 0,000000
647 1711042788 2,000000 -1,000000 -101,000000 0,000000 0,000000
647 1711042789 1,800000 -1,000000 -101,000000 0,000000 0,000000
647 1711042790 1,800000 -1,000000 -101,000000 0,000000 0,000000
647 1711042791 1,800000 -1,000000 -101,000000 0,000000 0,000000
647 1711042792 1,800000 -1,000000 -101,000000 0,000000 0,000000
647 1711042793 1,800000 -1,000000 -101,000000 0,000000 0,000000
647 1711042794 1,200000 -1,000000 -101,000000 0,000000 0,000000
647 1711042795 1,200000 -1,000000 -101,000000 0,000000 0,000000
647 1711042796 1,200000 -1,000000 -101,000000 0,000000 0,000000
647 1711042797 1,200000 -1,000000 -101,000000 0,000000 0,000000
647 1711042798 1,200000 -1,000000 -101,000000 0,000000 0,000000
647 1711042799 0,600000 -1,000000 -101,000000 0,000000 0,000000
647 1711042800 0,600000 -1,000000 -101,000000 0,000000 0,000000
647 1711042801 0,600000 -1,000000 -101,000000 0,000000 0,000000
647 1711042802 0,600000 -1,000000 -101,000000 0,000000 0,000000
647 1711042803 0,600000 -1,000000 -101,000000 0,000000 0,000000
647 1711042804 1,200000 -1,000000 -101,000000 0,000000 0,000000
647 1711042805 1,200000 -1,000000 -101,000000 0,000000 0,000000
647 1711042806 1,200000 -1,000000 -101,000000 0,000000 0,000000
647 1711042807 1,200000 -1,000000 -101,000000 0,000000 0,000000
647 1711042808 1,200000 -1,000000 -101,000000 0,000000 0,000000
647 1711042809 1,800000 -1,000000 -101,000000 0,000000 0,000000
647 1711042810 1,800000 -1,000000 -101,000000 0,000000 0,000000
647 1711042811 1,800000 -1,000000 -101,000000 0,000000 0,000000
647 1711042812 1,800000 -1,000000 -101,000000 0,000000 0,000000
647 1711042813 1,800000 -1,000000 -101,000000 0,000000 0,000000
647 1711042814 0,600000 -1,000000 -101,000000 0,000000 0,000000
647 1711042815 0,600000 -1,000000 -101,000000 0,000000 0,000000
647 1711042816 0,600000 -1,000000 -101,000000 0,000000 0,000000
647 1711042817 0,600000 -1,000000 -101,000000 0,000000 0,000000
647 1711042818 0,600000 -1,000000 -101,000000 0,000000 0,000000
647 1711042819 1,800000 -1,000000 -101,000000 0,000000 0,000000
647 1711042820 1,800000 -1,000000 -101,000000 0,000000 0,000000
647 1711042821 1,800000 -1,000000 -101,000000 0,000000 0,000000
647 1711042822 1,800000 -1,000000 -101,000000 0,000000 0,000000
647 1711042823 1,800000 -1,000000 -101,000000 0,000000 0,000000
647 1711042824 0,800000 -1,000000 -101,000000 0,000000 0,000000
647 1711042825 0,800000 -1,000000 -101,000000 0,000000 0,000000
647 1711042826 0,800000 -1,000000 -101,000000 0,000000 0,000000
647 1711042827 0,800000 -1,000000 -101,000000 0,000000 0,000000
647 1711042828 0,800000 -1,000000 -101,000000 0,000000 0,000000
647 1711042829 1,000000 -1,000000 -101,000000 0,000000 0,000000
647 1711042830 1,000000 -1,000000 -101,000000 0,000000 0,000000
647 1711042831 1,000000 -1,000000 -101,000000 0,000000 0,000000
647 1711042832 1,000000 -1,000000 -101,000000 0,000000 0,000000
647 1711042833 1,000000 -1,000000 -101,000000 0,000000 0,000000
647 1711042834 1,200000 -1,000000 -101,000000 0,000000 0,000000
647 1711042835 1,200000 -1,000000 -101,000000 0,000000 0,000000
647 1711042836 1,200000 -1,000000 -101,000000 0,000000 0,000000
647 1711042837 1,200000 -1,000000 -101,000000 0,000000 0,000000
647 1711042838 1,200000 -1,000000 -101,000000 0,000000 0,000000
647 1711042839 1,200000 -1,000000 -101,000000 0,000000 0,000000
647 1711042840 1,200000 -1,000000 -101,000000 0,000000 0,000000
647 1711042841 1,200000 -1,000000 -101,000000 0,000000 0,000000
647 1711042842 1,200000 -1,000000 -101,000000 0,000000 0,000000
647 1711042843 1,200000 -1,000000 -101,000000 0,000000 0,000000
647 1711042844 0,600000 -1,000000 -101,000000 0,000000 0,000000
647 1711042845 0,600000 -1,000000 -101,000000 0,000000 0,000000
647 1711042846 0,600000 -1,000000 -101,000000 0,000000 0,000000
647 1711042847 0,600000 -1,000000 -101,000000 0,000000 0,000000
647 1711042848 0,600000 -1,000000 -101,000000 0,000000 0,000000
647 1711042849 1,000000 -1,000000 -101,000000 0,000000 0,000000
647 1711042850 1,000000 -1,000000 -101,000000 0,000000 0,000000
647 1711042851 1,000000 -1,000000 -101,000000 0,000000 0,000000
647 1711042852 1,000000 -1,000000 -101,000000 0,000000 0,000000
647 1711042853 1,000000 -1,000000 -101,000000 0,000000 0,000000
647 1711042854 0,400000 -1,000000 -101,000000 0,000000 0,000000
647 1711042855 0,400000 -1,000000 -101,000000 0,000000 0,000000
647 1711042856 0,400000 -1,000000 -101,000000 0,000000 0,000000
647 1711042857 0,400000 -1,000000 -101,000000 0,000000 0,000000
647 1711042858 0,400000 -1,000000 -101,000000 0,000000 0,000000
647 1711042859 0,800000 -1,000000 -101,000000 0,000000 0,000000
647 1711042860 0,800000 -1,000000 -101,000000 0,000000 0,000000
647 1711042861 0,800000 -1,000000 -101,000000 0,000000 0,000000
647 1711042862 0,800000 -1,000000 -101,000000 0,000000 0,000000
647 1711042863 0,800000 -1,000000 -101,000000 0,000000 0,000000
647 1711042864 1,200000 -1,000000 -101,000000 0,000000 0,000000
647 1711042865 1,200000 -1,000000 -101,000000 0,000000 0,000000
647 1711042866 1,200000 -1,000000 -101,000000 0,000000 0,000000
647 1711042867 1,200000 -1,000000 -101,000000 0,000000 0,000000
647 1711042868 1,200000 -1,000000 -101,000000 0,000000 0,000000
647 1711042869 1,400000 -1,000000 -101,000000 0,000000 0,000000
647 1711042870 1,400000 -1,000000 -101,000000 0,000000 0,000000
647 1711042871 1,400000 -1,000000 -101,000000 0,000000 0,000000
647 1711042872 1,400000 -1,000000 -101,000000 0,000000 0,000000
647 1711042873 1,400000 -1,000000 -101,000000 0,000000 0,000000
647 1711042874 1,000000 -1,000000 -101,000000 0,000000 0,000000
647 1711042875 1,000000 -1,000000 -101,000000 0,000000 0,000000
647 1711042876 1,000000 -1,000000 -101,000000 0,000000 0,000000
647 1711042877 1,000000 -1,000000 -101,000000 0,000000 0,000000
647 1711042878 1,000000 -1,000000 -101,000000 0,000000 0,000000
647 1711042879 0,800000 -1,000000 -101,000000 0,000000 0,000000
647 1711042880 0,800000 -1,000000 -101,000000 0,000000 0,000000
647 1711042881 0,800000 -1,000000 -101,000000 0,000000 0,000000
647 1711042882 0,800000 -1,000000 -101,000000 0,000000 0,000000
647 1711042883 0,800000 -1,000000 -101,000000 0,000000 0,000000
647 1711042884 1,200000 -1,000000 -101,000000 0,000000 0,000000
647 1711042885 1,200000 -1,000000 -101,000000 0,000000 0,000000
647 1711042886 1,200000 -1,000000 -101,000000 0,000000 0,000000
647 1711042887 1,200000 -1,000000 -101,000000 0,000000 0,000000
647 1711042888 1,200000 -1,000000 -101,000000 0,000000 0,000000
647 1711042889 1,400000 -1,000000 -101,000000 0,000000 0,000000
647 1711042890 1,400000 -1,000000 -101,000000 0,000000 0,000000
647 1711042891 1,400000 -1,000000 -101,000000 0,000000 0,000000
647 1711042892 1,400000 -1,000000 -101,000000 0,000000 0,000000
647 1711042893 1,400000 -1,000000 -101,000000 0,000000 0,000000
647 1711042894 1,800000 -1,000000 -101,000000 0,000000 0,000000
647 1711042895 1,800000 -1,000000 -101,000000 0,000000 0,000000
647 1711042896 1,800000 -1,000000 -101,000000 0,000000 0,000000
647 1711042897 1,800000 -1,000000 -101,000000 0,000000 0,000000
647 1711042898 1,800000 -1,000000 -101,000000 0,000000 0,000000
647 1711042899 1,600000 -1,000000 -101,000000 0,000000 0,000000
647 1711042900 1,600000 -1,000000 -101,000000 0,000000 0,000000
647 1711042901 1,600000 -1,000000 -101,000000 0,000000 0,000000
647 1711042902 1,600000 -1,000000 -101,000000 0,000000 0,000000
647 1711042903 1,600000 -1,000000 -101,000000 0,000000 0,000000
647 1711042904 0,800000 -1,000000 -101,000000 0,000000 0,000000
647 1711042905 0,800000 -1,000000 -101,000000 0,000000 0,000000
647 1711042906 0,800000 -1,000000 -101,000000 0,000000 0,000000
647 1711042907 0,800000 -1,000000 -101,000000 0,000000 0,000000
647 1711042908 0,800000 -1,000000 -101,000000 0,000000 0,000000
647 1711042909 1,600000 -1,000000 -101,000000 0,000000 0,000000
647 1711042910 1,600000 -1,000000 -101,000000 0,000000 0,000000
647 1711042911 1,600000 -1,000000 -101,000000 0,000000 0,000000
647 1711042912 1,600000 -1,000000 -101,000000 0,000000 0,000000
647 1711042913 1,600000 -1,000000 -101,000000 0,000000 0,000000
647 1711042914 0,800000 -1,000000 -101,000000 0,000000 0,000000
647 1711042915 0,800000 -1,000000 -101,000000 0,000000 0,000000
647 1711042916 0,800000 -1,000000 -101,000000 0,000000 0,000000
647 1711042917 0,800000 -1,000000 -101,000000 0,000000 0,000000
647 1711042918 0,800000 -1,000000 -101,000000 0,000000 0,000000
647 1711042919 1,200000 -1,000000 -101,000000 0,000000 0,000000
647 1711042920 1,200000 -1,000000 -101,000000 0,000000 0,000000
647 1711042921 1,200000 -1,000000 -101,000000 0,000000 0,000000
647 1711042922 1,200000 -1,000000 -101,000000 0,000000 0,000000
647 1711042923 1,200000 -1,000000 -101,000000 0,000000 0,000000
647 1711042924 0,600000 -1,000000 -101,000000 0,000000 0,000000
647 1711042925 0,600000 -1,000000 -101,000000 0,000000 0,000000
647 1711042926 0,600000 -1,000000 -101,000000 0,000000 0,000000
647 1711042927 0,600000 -1,000000 -101,000000 0,000000 0,000000
647 1711042928 0,600000 -1,000000 -101,000000 0,000000 0,000000
647 1711042929 1,400000 -1,000000 -101,000000 0,000000 0,000000
647 1711042930 1,400000 -1,000000 -101,000000 0,000000 0,000000
647 1711042931 1,400000 -1,000000 -101,000000 0,000000 0,000000
647 1711042932 1,400000 -1,000000 -101,000000 0,000000 0,000000
647 1711042933 1,400000 -1,000000 -101,000000 0,000000 0,000000
647 1711042934 0,800000 -1,000000 -101,000000 0,000000 0,000000
647 1711042935 0,800000 -1,000000 -101,000000 0,000000 0,000000
647 1711042936 0,800000 -1,000000 -101,000000 0,000000 0,000000
647 1711042937 0,800000 -1,000000 -101,000000 0,000000 0,000000
647 1711042938 0,800000 -1,000000 -101,000000 0,000000 0,000000
647 1711042939 1,600000 -1,000000 -101,000000 0,000000 0,000000
647 1711042940 1,600000 -1,000000 -101,000000 0,000000 0,000000
647 1711042941 1,600000 -1,000000 -101,000000 0,000000 0,000000
647 1711042942 1,600000 -1,000000 -101,000000 0,000000 0,000000
647 1711042943 1,600000 -1,000000 -101,000000 0,000000 0,000000
647 1711042944 0,400000 -1,000000 -101,000000 0,000000 0,000000
647 1711042945 0,400000 -1,000000 -101,000000 0,000000 0,000000
647 1711042946 0,400000 -1,000000 -101,000000 0,000000 0,000000
647 1711042947 0,400000 -1,000000 -101,000000 0,000000 0,000000
647 1711042948 0,400000 -1,000000 -101,000000 0,000000 0,000000
647 1711042949 1,400000 -1,000000 -101,000000 0,000000 0,000000
647 1711042950 1,400000 -1,000000 -101,000000 0,000000 0,000000
647 1711042951 1,400000 -1,000000 -101,000000 0,000000 0,000000
647 1711042952 1,400000 -1,000000 -101,000000 0,000000 0,000000
647 1711042953 1,400000 -1,000000 -101,000000 0,000000 0,000000
647 1711042954 0,800000 -1,000000 -101,000000 0,000000 0,000000
647 1711042955 0,800000 -1,000000 -101,000000 0,000000 0,000000
647 1711042956 0,800000 -1,000000 -101,000000 0,000000 0,000000
647 1711042957 0,800000 -1,000000 -101,000000 0,000000 0,000000
647 1711042958 0,800000 -1,000000 -101,000000 0,000000 0,000000
647 1711042959 0,800000 -1,000000 -101,000000 0,000000 0,000000
647 1711042960 0,800000 -1,000000 -101,000000 0,000000 0,000000
647 1711042961 0,800000 -1,000000 -101,000000 0,000000 0,000000
647 1711042962 0,800000 -1,000000 -101,000000 0,000000 0,000000
647 1711042963 0,800000 -1,000000 -101,000000 0,000000 0,000000
647 1711042964 1,200000 -1,000000 -101,000000 0,000000 0,000000
647 1711042965 1,200000 -1,000000 -101,000000 0,000000 0,000000
647 1711042966 1,200000 -1,000000 -101,000000 0,000000 0,000000
647 1711042967 1,200000 -1,000000 -101,000000 0,000000 0,000000
647 1711042968 1,200000 -1,000000 -101,000000 0,000000 0,000000
647 1711042969 0,600000 -1,000000 -101,000000 0,000000 0,000000
647 1711042970 0,600000 -1,000000 -101,000000 0,000000 0,000000
647 1711042971 0,600000 -1,000000 -101,000000 0,000000 0,000000
647 1711042972 0,600000 -1,000000 -101,000000 0,000000 0,000000
647 1711042973 0,600000 -1,000000 -101,000000 0,000000 0,000000
647 1711042974 0,800000 -1,000000 -101,000000 0,000000 0,000000
647 1711042975 0,800000 -1,000000 -101,000000 0,000000 0,000000
647 1711042976 0,800000 -1,000000 -101,000000 0,000000 0,000000
647 1711042977 0,800000 -1,000000 -101,000000 0,000000 0,000000
647 1711042978 0,800000 -1,000000 -101,000000 0,000000 0,000000
647 1711042979 0,800000 -1,000000 -101,000000 0,000000 0,000000
647 1711042980 0,800000 -1,000000 -101,000000 0,000000 0,000000
647 1711042981 0,800000 -1,000000 -101,000000 0,000000 0,000000
647 1711042982 0,800000 -1,000000 -101,000000 0,000000 0,000000
647 1711042983 0,800000 -1,000000 -101,000000 0,000000 0,000000
647 1711042984 2,400000 -1,000000 -101,000000 0,000000 0,000000
647 1711042985 2,400000 -1,000000 -101,000000 0,000000 0,000000
647 1711042986 2,400000 -1,000000 -101,000000 0,000000 0,000000
647 1711042987 2,400000 -1,000000 -101,000000 0,000000 0,000000
647 1711042988 2,400000 -1,000000 -101,000000 0,000000 0,000000
647 1711042989 1,400000 -1,000000 -101,000000 0,000000 0,000000
647 1711042990 1,400000 -1,000000 -101,000000 0,000000 0,000000
647 1711042991 1,400000 -1,000000 -101,000000 0,000000 0,000000
647 1711042992 1,400000 -1,000000 -101,000000 0,000000 0,000000
647 1711042993 1,400000 -1,000000 -101,000000 0,000000 0,000000
647 1711042994 1,200000 -1,000000 -101,000000 0,000000 0,000000
647 1711042995 1,200000 -1,000000 -101,000000 0,000000 0,000000
647 1711042996 1,200000 -1,000000 -101,000000 0,000000 0,000000
647 1711042997 1,200000 -1,000000 -101,000000 0,000000 0,000000
647 1711042998 1,200000 -1,000000 -101,000000 0,000000 0,000000
647 1711042999 1,400000 -1,000000 -101,000000 0,000000 0,000000
647 1711043000 1,400000 -1,000000 -101,000000 0,000000 0,000000
647 1711043001 1,400000 -1,000000 -101,000000 0,000000 0,000000
647 1711043002 1,400000 -1,000000 -101,000000 0,000000 0,000000
647 1711043003 1,400000 -1,000000 -101,000000 0,000000 0,000000
647 1711043004 1,200000 -1,000000 -101,000000 0,000000 0,000000
647 1711043005 1,200000 -1,000000 -101,000000 0,000000 0,000000
647 1711043006 1,200000 -1,000000 -101,000000 0,000000 0,000000
647 1711043007 1,200000 -1,000000 -101,000000 0,000000 0,000000
647 1711043008 1,200000 -1,000000 -101,000000 0,000000 0,000000
647 1711043009 1,200000 -1,000000 -101,000000 0,000000 0,000000
647 1711043010 1,200000 -1,000000 -101,000000 0,000000 0,000000
647 1711043011 1,200000 -1,000000 -101,000000 0,000000 0,000000
647 1711043012 1,200000 -1,000000 -101,000000 0,000000 0,000000
647 1711043013 1,200000 -1,000000 -101,000000 0,000000 0,000000
647 1711043014 0,600000 -1,000000 -101,000000 0,000000 0,000000
647 1711043015 0,600000 -1,000000 -101,000000 0,000000 0,000000
647 1711043016 0,600000 -1,000000 -101,000000 0,000000 0,000000
647 1711043017 0,600000 -1,000000 -101,000000 0,000000 0,000000
647 1711043018 0,600000 -1,000000 -101,000000 0,000000 0,000000
647 1711043019 0,600000 -1,000000 -101,000000 0,000000 0,000000
647 1711043020 0,600000 -1,000000 -101,000000 0,000000 0,000000
647 1711043021 0,600000 -1,000000 -101,000000 0,000000 0,000000
647 1711043022 0,600000 -1,000000 -101,000000 0,000000 0,000000
647 1711043023 0,600000 -1,000000 -101,000000 0,000000 0,000000
647 1711043024 0,800000 -1,000000 -101,000000 0,000000 0,000000
647 1711043025 0,800000 -1,000000 -101,000000 0,000000 0,000000
647 1711043026 0,800000 -1,000000 -101,000000 0,000000 0,000000
647 1711043027 0,800000 -1,000000 -101,000000 0,000000 0,000000
647 1711043028 0,800000 -1,000000 -101,000000 0,000000 0,000000
647 1711043029 2,200000 -1,000000 -101,000000 0,000000 0,000000
647 1711043030 2,200000 -1,000000 -101,000000 0,000000 0,000000
647 1711043031 2,200000 -1,000000 -101,000000 0,000000 0,000000
647 1711043032 2,200000 -1,000000 -101,000000 0,000000 0,000000
647 1711043033 2,200000 -1,000000 -101,000000 0,000000 0,000000
647 1711043034 1,600000 -1,000000 -101,000000 0,000000 0,000000
647 1711043035 1,600000 -1,000000 -101,000000 0,000000 0,000000
647 1711043036 1,600000 -1,000000 -101,000000 0,000000 0,000000
647 1711043037 1,600000 -1,000000 -101,000000 0,000000 0,000000
647 1711043038 1,600000 -1,000000 -101,000000 0,000000 0,000000
647 1711043039 1,000000 -1,000000 -101,000000 0,000000 0,000000
647 1711043040 1,000000 -1,000000 -101,000000 0,000000 0,000000
647 1711043041 1,000000 -1,000000 -101,000000 0,000000 0,000000
647 1711043042 1,000000 -1,000000 -101,000000 0,000000 0,000000
647 1711043043 1,000000 -1,000000 -101,000000 0,000000 0,000000
647 1711043044 1,000000 -1,000000 -101,000000 0,000000 0,000000
647 1711043045 1,000000 -1,000000 -101,000000 0,000000 0,000000
647 1711043046 1,000000 -1,000000 -101,000000 0,000000 0,000000
647 1711043047 1,000000 -1,000000 -101,000000 0,000000 0,000000
647 1711043048 1,000000 -1,000000 -101,000000 0,000000 0,000000
647 1711043049 0,400000 -1,000000 -101,000000 0,000000 0,000000
647 1711043050 0,400000 -1,000000 -101,000000 0,000000 0,000000
647 1711043051 0,400000 -1,000000 -101,000000 0,000000 0,000000
647 1711043052 0,400000 -1,000000 -101,000000 0,000000 0,000000
647 1711043053 0,400000 -1,000000 -101,000000 0,000000 0,000000
647 1711043054 1,000000 -1,000000 -101,000000 0,000000 0,000000
647 1711043055 1,000000 -1,000000 -101,000000 0,000000 0,000000
647 1711043056 1,000000 -1,000000 -101,000000 0,000000 0,000000
647 1711043057 1,000000 -1,000000 -101,000000 0,000000 0,000000
647 1711043058 1,000000 -1,000000 -101,000000 0,000000 0,000000
647 1711043059 0,800000 -1,000000 -101,000000 0,000000 0,000000
647 1711043060 0,800000 -1,000000 -101,000000 0,000000 0,000000
647 1711043061 0,800000 -1,000000 -101,000000 0,000000 0,000000
647 1711043062 0,800000 -1,000000 -101,000000 0,000000 0,000000
647 1711043063 0,800000 -1,000000 -101,000000 0,000000 0,000000
647 1711043064 1,000000 -1,000000 -101,000000 0,000000 0,000000
647 1711043065 1,000000 -1,000000 -101,000000 0,000000 0,000000
647 1711043066 1,000000 -1,000000 -101,000000 0,000000 0,000000
647 1711043067 1,000000 -1,000000 -101,000000 0,000000 0,000000
647 1711043068 1,000000 -1,000000 -101,000000 0,000000 0,000000
647 1711043069 0,400000 -1,000000 -101,000000 0,000000 0,000000
647 1711043070 0,400000 -1,000000 -101,000000 0,000000 0,000000
647 1711043071 0,400000 -1,000000 -101,000000 0,000000 0,000000
647 1711043072 0,400000 -1,000000 -101,000000 0,000000 0,000000
647 1711043073 0,400000 -1,000000 -101,000000 0,000000 0,000000
647 1711043074 1,400000 -1,000000 -101,000000 0,000000 0,000000
647 1711043075 1,400000 -1,000000 -101,000000 0,000000 0,000000
647 1711043076 1,400000 -1,000000 -101,000000 0,000000 0,000000
647 1711043077 1,400000 -1,000000 -101,000000 0,000000 0,000000
647 1711043078 1,400000 -1,000000 -101,000000 0,000000 0,000000
647 1711043079 2,000000 -1,000000 -101,000000 0,000000 0,000000
647 1711043080 2,000000 -1,000000 -101,000000 0,000000 0,000000
647 1711043081 2,000000 -1,000000 -101,000000 0,000000 0,000000
647 1711043082 2,000000 -1,000000 -101,000000 0,000000 0,000000
647 1711043083 2,000000 -1,000000 -101,000000 0,000000 0,000000
647 1711043084 1,000000 -1,000000 -101,000000 0,000000 0,000000
647 1711043085 1,000000 -1,000000 -101,000000 0,000000 0,000000
647 1711043086 1,000000 -1,000000 -101,000000 0,000000 0,000000
647 1711043087 1,000000 -1,000000 -101,000000 0,000000 0,000000
647 1711043088 1,000000 -1,000000 -101,000000 0,000000 0,000000
647 1711043089 1,400000 -1,000000 -101,000000 0,000000 0,000000
647 1711043090 1,400000 -1,000000 -101,000000 0,000000 0,000000
647 1711043091 1,400000 -1,000000 -101,000000 0,000000 0,000000
647 1711043092 1,400000 -1,000000 -101,000000 0,000000 0,000000
647 1711043093 1,400000 -1,000000 -101,000000 0,000000 0,000000
647 1711043094 0,800000 -1,000000 -101,000000 0,000000 0,000000
647 1711043095 0,800000 -1,000000 -101,000000 0,000000 0,000000
647 1711043096 0,800000 -1,000000 -101,000000 0,000000 0,000000
647 1711043097 0,800000 -1,000000 -101,000000 0,000000 0,000000
647 1711043098 0,800000 -1,000000 -101,000000 0,000000 0,000000
647 1711043099 1,000000 -1,000000 -101,000000 0,000000 0,000000
647 1711043100 1,000000 -1,000000 -101,000000 0,000000 0,000000
647 1711043101 1,000000 -1,000000 -101,000000 0,000000 0,000000
647 1711043102 1,000000 -1,000000 -101,000000 0,000000 0,000000
647 1711043103 1,000000 -1,000000 -101,000000 0,000000 0,000000
647 1711043104 0,800000 -1,000000 -101,000000 0,000000 0,000000
647 1711043105 0,800000 -1,000000 -101,000000 0,000000 0,000000
647 1711043106 0,800000 -1,000000 -101,000000 0,000000 0,000000
647 1711043107 0,800000 -1,000000 -101,000000 0,000000 0,000000
647 1711043108 0,800000 -1,000000 -101,000000 0,000000 0,000000
647 1711043109 1,400000 -1,000000 -101,000000 0,000000 0,000000
647 1711043110 1,400000 -1,000000 -101,000000 0,000000 0,000000
647 1711043111 1,400000 -1,000000 -101,000000 0,000000 0,000000
647 1711043112 1,400000 -1,000000 -101,000000 0,000000 0,000000
647 1711043113 1,400000 -1,000000 -101,000000 0,000000 0,000000
647 1711043114 1,200000 -1,000000 -101,000000 0,000000 0,000000
647 1711043115 1,200000 -1,000000 -101,000000 0,000000 0,000000
647 1711043116 1,200000 -1,000000 -101,000000 0,000000 0,000000
647 1711043117 1,200000 -1,000000 -101,000000 0,000000 0,000000
647 1711043118 1,200000 -1,000000 -101,000000 0,000000 0,000000
647 1711043119 1,600000 -1,000000 -101,000000 0,000000 0,000000
647 1711043120 1,600000 -1,000000 -101,000000 0,000000 0,000000
647 1711043121 1,600000 -1,000000 -101,000000 0,000000 0,000000
647 1711043122 1,600000 -1,000000 -101,000000 0,000000 0,000000
647 1711043123 1,600000 -1,000000 -101,000000 0,000000 0,000000
647 1711043124 1,000000 -1,000000 -101,000000 0,000000 0,000000
647 1711043125 1,000000 -1,000000 -101,000000 0,000000 0,000000
647 1711043126 1,000000 -1,000000 -101,000000 0,000000 0,000000
647 1711043127 1,000000 -1,000000 -101,000000 0,000000 0,000000
647 1711043128 1,000000 -1,000000 -101,000000 0,000000 0,000000
647 1711043129 1,200000 -1,000000 -101,000000 0,000000 0,000000
647 1711043130 1,200000 -1,000000 -101,000000 0,000000 0,000000
647 1711043131 1,200000 -1,000000 -101,000000 0,000000 0,000000
647 1711043132 1,200000 -1,000000 -101,000000 0,000000 0,000000
647 1711043133 1,200000 -1,000000 -101,000000 0,000000 0,000000
647 1711043134 1,800000 -1,000000 -101,000000 0,000000 0,000000
647 1711043135 1,800000 -1,000000 -101,000000 0,000000 0,000000
647 1711043136 1,800000 -1,000000 -101,000000 0,000000 0,000000
647 1711043137 1,800000 -1,000000 -101,000000 0,000000 0,000000
647 1711043138 1,800000 -1,000000 -101,000000 0,000000 0,000000
647 1711043139 0,800000 -1,000000 -101,000000 0,000000 0,000000
647 1711043140 0,800000 -1,000000 -101,000000 0,000000 0,000000
647 1711043141 0,800000 -1,000000 -101,000000 0,000000 0,000000
647 1711043142 0,800000 -1,000000 -101,000000 0,000000 0,000000
647 1711043143 0,800000 -1,000000 -101,000000 0,000000 0,000000
647 1711043144 1,200000 -1,000000 -101,000000 0,000000 0,000000
647 1711043145 1,200000 -1,000000 -101,000000 0,000000 0,000000
647 1711043146 1,200000 -1,000000 -101,000000 0,000000 0,000000
647 1711043147 1,200000 -1,000000 -101,000000 0,000000 0,000000
647 1711043148 1,200000 -1,000000 -101,000000 0,000000 0,000000
647 1711043149 1,000000 -1,000000 -101,000000 0,000000 0,000000
647 1711043150 1,000000 -1,000000 -101,000000 0,000000 0,000000
647 1711043151 1,000000 -1,000000 -101,000000 0,000000 0,000000
647 1711043152 1,000000 -1,000000 -101,000000 0,000000 0,000000
647 1711043153 1,000000 -1,000000 -101,000000 0,000000 0,000000
647 1711043154 0,400000 -1,000000 -101,000000 0,000000 0,000000
647 1711043155 0,400000 -1,000000 -101,000000 0,000000 0,000000
647 1711043156 0,400000 -1,000000 -101,000000 0,000000 0,000000
647 1711043157 0,400000 -1,000000 -101,000000 0,000000 0,000000
647 1711043158 0,400000 -1,000000 -101,000000 0,000000 0,000000
647 1711043159 0,400000 -1,000000 -101,000000 0,000000 0,000000
647 1711043160 0,400000 -1,000000 -101,000000 0,000000 0,000000
647 1711043161 0,400000 -1,000000 -101,000000 0,000000 0,000000
647 1711043162 0,400000 -1,000000 -101,000000 0,000000 0,000000
647 1711043163 0,400000 -1,000000 -101,000000 0,000000 0,000000
647 1711043164 1,200000 -1,000000 -101,000000 0,000000 0,000000
647 1711043165 1,200000 -1,000000 -101,000000 0,000000 0,000000
647 1711043166 1,200000 -1,000000 -101,000000 0,000000 0,000000
647 1711043167 1,200000 -1,000000 -101,000000 0,000000 0,000000
647 1711043168 1,200000 -1,000000 -101,000000 0,000000 0,000000
647 1711043169 1,200000 -1,000000 -101,000000 0,000000 0,000000
647 1711043170 1,200000 -1,000000 -101,000000 0,000000 0,000000
647 1711043171 1,200000 -1,000000 -101,000000 0,000000 0,000000
647 1711043172 1,200000 -1,000000 -101,000000 0,000000 0,000000
647 1711043173 1,200000 -1,000000 -101,000000 0,000000 0,000000
647 1711043174 0,800000 -1,000000 -101,000000 0,000000 0,000000
647 1711043175 0,800000 -1,000000 -101,000000 0,000000 0,000000
647 1711043176 0,800000 -1,000000 -101,000000 0,000000 0,000000
647 1711043177 0,800000 -1,000000 -101,000000 0,000000 0,000000
647 1711043178 0,800000 -1,000000 -101,000000 0,000000 0,000000
647 1711043179 1,800000 -1,000000 -101,000000 0,000000 0,000000
647 1711043180 1,800000 -1,000000 -101,000000 0,000000 0,000000
647 1711043181 1,800000 -1,000000 -101,000000 0,000000 0,000000
647 1711043182 1,800000 -1,000000 -101,000000 0,000000 0,000000
647 1711043183 1,800000 -1,000000 -101,000000 0,000000 0,000000
647 1711043184 0,800000 -1,000000 -101,000000 0,000000 0,000000
647 1711043185 0,800000 -1,000000 -101,000000 0,000000 0,000000
647 1711043186 0,800000 -1,000000 -101,000000 0,000000 0,000000
647 1711043187 0,800000 -1,000000 -101,000000 0,000000 0,000000
647 1711043188 0,800000 -1,000000 -101,000000 0,000000 0,000000
647 1711043189 1,800000 -1,000000 -101,000000 0,000000 0,000000
647 1711043190 1,800000 -1,000000 -101,000000 0,000000 0,000000
647 1711043191 1,800000 -1,000000 -101,000000 0,000000 0,000000
647 1711043192 1,800000 -1,000000 -101,000000 0,000000 0,000000
647 1711043193 1,800000 -1,000000 -101,000000 0,000000 0,000000
647 1711043194 0,600000 -1,000000 -101,000000 0,000000 0,000000
647 1711043195 0,600000 -1,000000 -101,000000 0,000000 0,000000
647 1711043196 0,600000 -1,000000 -101,000000 0,000000 0,000000
647 1711043197 0,600000 -1,000000 -101,000000 0,000000 0,000000
647 1711043198 0,600000 -1,000000 -101,000000 0,000000 0,000000
647 1711043199 0,400000 -1,000000 -101,000000 0,000000 0,000000
647 1711043200 0,400000 -1,000000 -101,000000 0,000000 0,000000
647 1711043201 0,400000 -1,000000 -101,000000 0,000000 0,000000
647 1711043202 0,400000 -1,000000 -101,000000 0,000000 0,000000
647 1711043203 0,400000 -1,000000 -101,000000 0,000000 0,000000
647 1711043204 1,000000 -1,000000 -101,000000 0,000000 0,000000
647 1711043205 1,000000 -1,000000 -101,000000 0,000000 0,000000
647 1711043206 1,000000 -1,000000 -101,000000 0,000000 0,000000
647 1711043207 1,000000 -1,000000 -101,000000 0,000000 0,000000
647 1711043208 1,000000 -1,000000 -101,000000 0,000000 0,000000
647 1711043209 1,400000 -1,000000 -101,000000 0,000000 0,000000
647 1711043210 1,400000 -1,000000 -101,000000 0,000000 0,000000
647 1711043211 1,400000 -1,000000 -101,000000 0,000000 0,000000
647 1711043212 1,400000 -1,000000 -101,000000 0,000000 0,000000
647 1711043213 1,400000 -1,000000 -101,000000 0,000000 0,000000
647 1711043214 1,200000 -1,000000 -101,000000 0,000000 0,000000
647 1711043215 1,200000 -1,000000 -101,000000 0,000000 0,000000
647 1711043216 1,200000 -1,000000 -101,000000 0,000000 0,000000
647 1711043217 1,200000 -1,000000 -101,000000 0,000000 0,000000
647 1711043218 1,200000 -1,000000 -101,000000 0,000000 0,000000
647 1711043219 1,200000 -1,000000 -101,000000 0,000000 0,000000
647 1711043220 1,200000 -1,000000 -101,000000 0,000000 0,000000
647 1711043221 1,200000 -1,000000 -101,000000 0,000000 0,000000
647 1711043222 1,200000 -1,000000 -101,000000 0,000000 0,000000
647 1711043223 1,200000 -1,000000 -101,000000 0,000000 0,000000
647 1711043224 3,000000 -1,000000 -101,000000 0,000000 0,000000
647 1711043225 3,000000 -1,000000 -101,000000 0,000000 0,000000
647 1711043226 3,000000 -1,000000 -101,000000 0,000000 0,000000
647 1711043227 3,000000 -1,000000 -101,000000 0,000000 0,000000
647 1711043228 3,000000 -1,000000 -101,000000 0,000000 0,000000
647 1711043229 0,400000 -1,000000 -101,000000 0,000000 0,000000
647 1711043230 0,400000 -1,000000 -101,000000 0,000000 0,000000
647 1711043231 0,400000 -1,000000 -101,000000 0,000000 0,000000
647 1711043232 0,400000 -1,000000 -101,000000 0,000000 0,000000
647 1711043233 0,400000 -1,000000 -101,000000 0,000000 0,000000
647 1711043234 1,800000 -1,000000 -101,000000 0,000000 0,000000
647 1711043235 1,800000 -1,000000 -101,000000 0,000000 0,000000
647 1711043236 1,800000 -1,000000 -101,000000 0,000000 0,000000
647 1711043237 1,800000 -1,000000 -101,000000 0,000000 0,000000
647 1711043238 1,800000 -1,000000 -101,000000 0,000000 0,000000
647 1711043239 0,600000 -1,000000 -101,000000 0,000000 0,000000
647 1711043240 0,600000 -1,000000 -101,000000 0,000000 0,000000
647 1711043241 0,600000 -1,000000 -101,000000 0,000000 0,000000
647 1711043242 0,600000 -1,000000 -101,000000 0,000000 0,000000
647 1711043243 0,600000 -1,000000 -101,000000 0,000000 0,000000
647 1711043244 0,600000 -1,000000 -101,000000 0,000000 0,000000
647 1711043245 0,600000 -1,000000 -101,000000 0,000000 0,000000
647 1711043246 0,600000 -1,000000 -101,000000 0,000000 0,000000
647 1711043247 0,600000 -1,000000 -101,000000 0,000000 0,000000
647 1711043248 0,600000 -1,000000 -101,000000 0,000000 0,000000
647 1711043249 0,600000 -1,000000 -101,000000 0,000000 0,000000
647 1711043250 0,600000 -1,000000 -101,000000 0,000000 0,000000
647 1711043251 0,600000 -1,000000 -101,000000 0,000000 0,000000
647 1711043252 0,600000 -1,000000 -101,000000 0,000000 0,000000
647 1711043253 0,600000 -1,000000 -101,000000 0,000000 0,000000
647 1711043254 0,800000 -1,000000 -101,000000 0,000000 0,000000
647 1711043255 0,800000 -1,000000 -101,000000 0,000000 0,000000
647 1711043256 0,800000 -1,000000 -101,000000 0,000000 0,000000
647 1711043257 0,800000 -1,000000 -101,000000 0,000000 0,000000
647 1711043258 0,800000 -1,000000 -101,000000 0,000000 0,000000
647 1711043259 2,000000 -1,000000 -101,000000 0,000000 0,000000
647 1711043260 2,000000 -1,000000 -101,000000 0,000000 0,000000
647 1711043261 2,000000 -1,000000 -101,000000 0,000000 0,000000
647 1711043262 2,000000 -1,000000 -101,000000 0,000000 0,000000
647 1711043263 2,000000 -1,000000 -101,000000 0,000000 0,000000
647 1711043264 0,600000 -1,000000 -101,000000 0,000000 0,000000
647 1711043265 0,600000 -1,000000 -101,000000 0,000000 0,000000
647 1711043266 0,600000 -1,000000 -101,000000 0,000000 0,000000
647 1711043267 0,600000 -1,000000 -101,000000 0,000000 0,000000
647 1711043268 0,600000 -1,000000 -101,000000 0,000000 0,000000
647 1711043269 1,800000 -1,000000 -101,000000 0,000000 0,000000
647 1711043270 1,800000 -1,000000 -101,000000 0,000000 0,000000
647 1711043271 1,800000 -1,000000 -101,000000 0,000000 0,000000
647 1711043272 1,800000 -1,000000 -101,000000 0,000000 0,000000
647 1711043273 1,800000 -1,000000 -101,000000 0,000000 0,000000
647 1711043274 1,000000 -1,000000 -101,000000 0,000000 0,000000
647 1711043275 1,000000 -1,000000 -101,000000 0,000000 0,000000
647 1711043276 1,000000 -1,000000 -101,000000 0,000000 0,000000
647 1711043277 1,000000 -1,000000 -101,000000 0,000000 0,000000
647 1711043278 1,000000 -1,000000 -101,000000 0,000000 0,000000
647 1711043279 0,800000 -1,000000 -101,000000 0,000000 0,000000
647 1711043280 0,800000 -1,000000 -101,000000 0,000000 0,000000
647 1711043281 0,800000 -1,000000 -101,000000 0,000000 0,000000
647 1711043282 0,800000 -1,000000 -101,000000 0,000000 0,000000
647 1711043283 0,800000 -1,000000 -101,000000 0,000000 0,000000
647 1711043284 0,800000 -1,000000 -101,000000 0,000000 0,000000
647 1711043285 0,800000 -1,000000 -101,000000 0,000000 0,000000
647 1711043286 0,800000 -1,000000 -101,000000 0,000000 0,000000
647 1711043287 0,800000 -1,000000 -101,000000 0,000000 0,000000
647 1711043288 0,800000 -1,000000 -101,000000 0,000000 0,000000
647 1711043289 0,400000 -1,000000 -101,000000 0,000000 0,000000
647 1711043290 0,400000 -1,000000 -101,000000 0,000000 0,000000
647 1711043291 0,400000 -1,000000 -101,000000 0,000000 0,000000
647 1711043292 0,400000 -1,000000 -101,000000 0,000000 0,000000
647 1711043293 0,400000 -1,000000 -101,000000 0,000000 0,000000
647 1711043294 0,800000 -1,000000 -101,000000 0,000000 0,000000
647 1711043295 0,800000 -1,000000 -101,000000 0,000000 0,000000
647 1711043296 0,800000 -1,000000 -101,000000 0,000000 0,000000
647 1711043297 0,800000 -1,000000 -101,000000 0,000000 0,000000
647 1711043298 0,800000 -1,000000 -101,000000 0,000000 0,000000
647 1711043299 1,400000 -1,000000 -101,000000 0,000000 0,000000
647 1711043300 1,400000 -1,000000 -101,000000 0,000000 0,000000
647 1711043301 1,400000 -1,000000 -101,000000 0,000000 0,000000
647 1711043302 1,400000 -1,000000 -101,000000 0,000000 0,000000
647 1711043303 1,400000 -1,000000 -101,000000 0,000000 0,000000
647 1711043304 1,200000 -1,000000 -101,000000 0,000000 0,000000
647 1711043305 1,200000 -1,000000 -101,000000 0,000000 0,000000
647 1711043306 1,200000 -1,000000 -101,000000 0,000000 0,000000
647 1711043307 1,200000 -1,000000 -101,000000 0,000000 0,000000
647 1711043308 1,200000 -1,000000 -101,000000 0,000000 0,000000
647 1711043309 1,000000 -1,000000 -101,000000 0,000000 0,000000
647 1711043310 1,000000 -1,000000 -101,000000 0,000000 0,000000
647 1711043311 1,000000 -1,000000 -101,000000 0,000000 0,000000
647 1711043312 1,000000 -1,000000 -101,000000 0,000000 0,000000
647 1711043313 1,000000 -1,000000 -101,000000 0,000000 0,000000
647 1711043314 1,800000 -1,000000 -101,000000 0,000000 0,000000
647 1711043315 1,800000 -1,000000 -101,000000 0,000000 0,000000
647 1711043316 1,800000 -1,000000 -101,000000 0,000000 0,000000
647 1711043317 1,800000 -1,000000 -101,000000 0,000000 0,000000
647 1711043318 1,800000 -1,000000 -101,000000 0,000000 0,000000
