668 1711041945 0,000000 0,000000 -101,000000 0,000000 0,000000
668 1711041946 0,000000 0,000000 -101,000000 0,000000 0,000000
668 1711041947 0,000000 0,000000 -101,000000 0,000000 0,000000
668 1711041948 0,000000 0,000000 -101,000000 0,000000 0,000000
668 1711041949 2,000000 0,200000 0,400000 0,400000 -20,200000
668 1711041950 2,000000 0,200000 0,800000 0,800000 -20,200000
668 1711041951 2,000000 0,200000 1,200000 1,200000 -20,200000
668 1711041952 2,000000 0,200000 1,600000 1,600000 -20,200000
668 1711041953 2,000000 0,200000 2,000000 2,000000 -20,200000
668 1711041954 1,000000 0,400000 2,400000 2,400000 -20,200000
668 1711041955 1,000000 0,400000 2,800000 2,800000 -20,200000
668 1711041956 1,000000 0,400000 3,200000 3,200000 -20,200000
668 1711041957 1,000000 0,400000 3,600000 3,600000 -20,200000
668 1711041958 1,000000 0,400000 4,000000 4,000000 -20,200000
668 1711041959 0,666667 0,600000 4,400000 4,400000 -20,200000
668 1711041960 0,666667 0,600000 4,800000 4,800000 -20,200000
668 1711041961 0,666667 0,600000 5,200000 5,200000 -20,200000
668 1711041962 0,666667 0,600000 5,600000 5,600000 -20,200000
668 1711041963 0,666667 0,600000 6,000000 6,000000 -20,200000
668 1711041964 0,500000 0,800000 6,400000 6,400000 -20,200000
668 1711041965 0,500000 0,800000 6,800000 6,800000 -20,200000
668 1711041966 0,500000 0,800000 7,200000 7,200000 -20,200000
668 1711041967 0,500000 0,800000 7,600000 7,600000 -20,200000
668 1711041968 0,500000 0,800000 8,000000 8,000000 -20,200000
668 1711041969 0,000000 0,800000 8,000000 8,000000 -20,200000
668 1711041970 0,000000 0,800000 8,000000 8,000000 -20,200000
668 1711041971 0,000000 0,800000 8,000000 8,000000 -20,200000
668 1711041972 0,000000 0,800000 8,000000 8,000000 -20,200000
668 1711041973 0,000000 0,800000 8,000000 8,000000 -20,200000
668 1711041974 0,400000 1,000000 8,400000 8,400000 -20,200000
668 1711041975 0,400000 1,000000 8,800000 8,800000 -20,200000
668 1711041976 0,400000 1,000000 9,200000 9,200000 -20,200000
668 1711041977 0,400000 1,000000 9,600000 9,600000 -20,200000
668 1711041978 0,400000 1,000000 10,000000 10,000000 -20,200000
668 1711041979 0,333333 1,200000 10,400000 10,400000 -20,200000
668 1711041980 0,333333 1,200000 10,800000 10,800000 -20,200000
668 1711041981 0,333333 1,200000 11,200000 11,200000 -20,200000
668 1711041982 0,333333 1,200000 11,600000 11,600000 -20,200000
668 1711041983 0,333333 1,200000 12,000000 12,000000 -20,200000
668 1711041984 0,285714 1,400000 12,400000 12,400000 -20,200000
668 1711041985 0,285714 1,400000 12,800000 12,800000 -20,200000
668 1711041986 0,285714 1,400000 13,200000 13,200000 -20,200000
668 1711041987 0,285714 1,400000 13,600000 13,600000 -20,200000
668 1711041988 0,285714 1,400000 14,000000 14,000000 -20,200000
668 1711041989 0,250000 1,600000 14,400000 14,400000 -20,200000
668 1711041990 0,250000 1,600000 14,800000 14,800000 -20,200000
668 1711041991 0,250000 1,600000 15,200000 15,200000 -20,200000
668 1711041992 0,250000 1,600000 15,600000 15,600000 -20,200000
668 1711041993 0,250000 1,600000 16,000000 16,000000 -20,200000
668 1711041994 0,200000 2,000000 16,400000 16,400000 -20,200000
668 1711041995 0,200000 2,000000 16,800000 16,800000 -20,200000
668 1711041996 0,200000 2,000000 17,200000 17,200000 -20,200000
668 1711041997 0,200000 2,000000 17,600000 17,600000 -20,200000
668 1711041998 0,200000 2,000000 18,000000 18,000000 -20,200000
668 1711041999 0,000000 2,000000 18,000000 18,000000 -20,200000
668 1711042000 0,000000 2,000000 18,000000 18,000000 -20,200000
668 1711042001 0,000000 2,000000 18,000000 18,000000 -20,200000
668 1711042002 0,000000 2,000000 18,000000 18,000000 -20,200000
668 1711042003 0,000000 2,000000 18,000000 18,000000 -20,200000
668 1711042004 0,181818 2,200000 18,400000 18,400000 -20,200000
668 1711042005 0,181818 2,200000 18,800000 18,800000 -20,200000
668 1711042006 0,181818 2,200000 19,200000 19,200000 -20,200000
668 1711042007 0,181818 2,200000 19,600000 19,600000 -20,200000
668 1711042008 0,181818 2,200000 20,000000 20,000000 -20,200000
668 1711042009 0,000000 2,200000 20,000000 20,000000 -20,200000
668 1711042010 0,000000 2,200000 20,000000 20,000000 -20,200000
668 1711042011 0,000000 2,200000 20,000000 20,000000 -20,200000
668 1711042012 0,000000 2,200000 20,000000 20,000000 -20,200000
668 1711042013 0,000000 2,200000 20,000000 20,000000 -20,200000
668 1711042014 0,000000 2,400000 20,000000 20,000000 -20,200000
668 1711042015 0,000000 2,400000 20,000000 20,000000 -20,200000
668 1711042016 0,000000 2,400000 20,000000 20,000000 -20,200000
668 1711042017 0,000000 2,400000 20,000000 20,000000 -20,200000
668 1711042018 0,000000 2,400000 20,000000 20,000000 -20,200000
668 1711042019 0,000000 2,400000 20,000000 20,000000 -20,200000
668 1711042020 0,000000 2,400000 20,000000 20,000000 -20,200000
668 1711042021 0,000000 2,400000 20,000000 20,000000 -20,200000
668 1711042022 0,000000 2,400000 20,000000 20,000000 -20,200000
668 1711042023 0,000000 2,400000 20,000000 20,000000 -20,200000
668 1711042024 0,000000 2,600000 20,000000 20,000000 -20,200000
668 1711042025 0,000000 2,600000 20,000000 20,000000 -20,200000
668 1711042026 0,000000 2,600000 20,000000 20,000000 -20,200000
668 1711042027 0,000000 2,600000 20,000000 20,000000 -20,200000
668 1711042028 0,000000 2,600000 20,000000 20,000000 -20,200000
668 1711042029 0,000000 2,600000 20,000000 20,000000 -20,200000
668 1711042030 0,000000 2,600000 20,000000 20,000000 -20,200000
668 1711042031 0,000000 2,600000 20,000000 20,000000 -20,200000
668 1711042032 0,000000 2,600000 20,000000 20,000000 -20,200000
668 1711042033 0,000000 2,600000 20,000000 20,000000 -20,200000
668 1711042034 0,000000 2,800000 20,000000 20,000000 -20,200000
668 1711042035 0,000000 2,800000 20,000000 20,000000 -20,200000
668 1711042036 0,000000 2,800000 20,000000 20,000000 -20,200000
668 1711042037 0,000000 2,800000 20,000000 20,000000 -20,200000
668 1711042038 0,000000 2,800000 20,000000 20,000000 -20,200000
668 1711042039 0,000000 3,000000 20,000000 20,000000 -20,200000
668 1711042040 0,000000 3,000000 20,000000 20,000000 -20,200000
668 1711042041 0,000000 3,000000 20,000000 20,000000 -20,200000
668 1711042042 0,000000 3,000000 20,000000 20,000000 -20,200000
668 1711042043 0,000000 3,000000 20,000000 20,000000 -20,200000
668 1711042044 0,000000 3,000000 20,000000 20,000000 -20,200000
668 1711042045 0,000000 3,000000 20,000000 20,000000 -20,200000
668 1711042046 0,000000 3,000000 20,000000 20,000000 -20,200000
668 1711042047 0,000000 3,000000 20,000000 20,000000 -20,200000
668 1711042048 0,000000 3,000000 20,000000 20,000000 -20,200000
668 1711042049 0,000000 3,200000 20,000000 20,000000 -20,200000
668 1711042050 0,000000 3,200000 20,000000 20,000000 -20,200000
668 1711042051 0,000000 3,200000 20,000000 20,000000 -20,200000
668 1711042052 0,000000 3,200000 20,000000 20,000000 -20,200000
668 1711042053 0,000000 3,200000 20,000000 20,000000 -20,200000
668 1711042054 0,000000 3,200000 20,000000 20,000000 -20,200000
668 1711042055 0,000000 3,200000 20,000000 20,000000 -20,200000
668 1711042056 0,000000 3,200000 20,000000 20,000000 -20,200000
668 1711042057 0,000000 3,200000 20,000000 20,000000 -20,200000
668 1711042058 0,000000 3,200000 20,000000 20,000000 -20,200000
668 1711042059 0,000000 3,200000 20,000000 20,000000 -20,200000
668 1711042060 0,000000 3,200000 20,000000 20,000000 -20,200000
668 1711042061 0,000000 3,200000 20,000000 20,000000 -20,200000
668 1711042062 0,000000 3,200000 20,000000 20,000000 -20,200000
668 1711042063 0,000000 3,200000 20,000000 20,000000 -20,200000
668 1711042064 0,000000 3,600000 20,000000 20,000000 -20,200000
668 1711042065 0,000000 3,600000 20,000000 20,000000 -20,200000
668 1711042066 0,000000 3,600000 20,000000 20,000000 -20,200000
668 1711042067 0,000000 3,600000 20,000000 20,000000 -20,200000
668 1711042068 0,000000 3,600000 20,000000 20,000000 -20,200000
668 1711042069 0,000000 4,200000 20,000000 20,000000 -20,200000
668 1711042070 0,000000 4,200000 20,000000 20,000000 -20,200000
668 1711042071 0,000000 4,200000 20,000000 20,000000 -20,200000
668 1711042072 0,000000 4,200000 20,000000 20,000000 -20,200000
668 1711042073 0,000000 4,200000 20,000000 20,000000 -20,200000
668 1711042074 0,000000 4,200000 20,000000 20,000000 -20,200000
668 1711042075 0,000000 4,200000 20,000000 20,000000 -20,200000
668 1711042076 0,000000 4,200000 20,000000 20,000000 -20,200000
668 1711042077 0,000000 4,200000 20,000000 20,000000 -20,200000
668 1711042078 0,000000 4,200000 20,000000 20,000000 -20,200000
668 1711042079 0,000000 4,200000 20,000000 20,000000 -20,200000
668 1711042080 0,000000 4,200000 20,000000 20,000000 -20,200000
668 1711042081 0,000000 4,200000 20,000000 20,000000 -20,200000
668 1711042082 0,000000 4,200000 20,000000 20,000000 -20,200000
668 1711042083 0,000000 4,200000 20,000000 20,000000 -20,200000
668 1711042084 0,000000 4,600000 20,000000 20,000000 -20,200000
668 1711042085 0,000000 4,600000 20,000000 20,000000 -20,200000
668 1711042086 0,000000 4,600000 20,000000 20,000000 -20,200000
668 1711042087 0,000000 4,600000 20,000000 20,000000 -20,200000
668 1711042088 0,000000 4,600000 20,000000 20,000000 -20,200000
668 1711042089 0,000000 4,600000 20,000000 20,000000 -20,200000
668 1711042090 0,000000 4,600000 20,000000 20,000000 -20,200000
668 1711042091 0,000000 4,600000 20,000000 20,000000 -20,200000
668 1711042092 0,000000 4,600000 20,000000 20,000000 -20,200000
668 1711042093 0,000000 4,600000 20,000000 20,000000 -20,200000
668 1711042094 0,000000 4,800000 20,000000 20,000000 -20,200000
668 1711042095 0,000000 4,800000 20,000000 20,000000 -20,200000
668 1711042096 0,000000 4,800000 20,000000 20,000000 -20,200000
668 1711042097 0,000000 4,800000 20,000000 20,000000 -20,200000
668 1711042098 0,000000 4,800000 20,000000 20,000000 -20,200000
668 1711042099 0,000000 4,800000 20,000000 20,000000 -20,200000
668 1711042100 0,000000 4,800000 20,000000 20,000000 -20,200000
668 1711042101 0,000000 4,800000 20,000000 20,000000 -20,200000
668 1711042102 0,000000 4,800000 20,000000 20,000000 -20,200000
668 1711042103 0,000000 4,800000 20,000000 20,000000 -20,200000
668 1711042104 0,000000 5,000000 20,000000 20,000000 -20,200000
668 1711042105 0,000000 5,000000 20,000000 20,000000 -20,200000
668 1711042106 0,000000 5,000000 20,000000 20,000000 -20,200000
668 1711042107 0,000000 5,000000 20,000000 20,000000 -20,200000
668 1711042108 0,000000 5,000000 20,000000 20,000000 -20,200000
668 1711042109 0,000000 5,200000 20,000000 20,000000 -20,200000
668 1711042110 0,000000 5,200000 20,000000 20,000000 -20,200000
668 1711042111 0,000000 5,200000 20,000000 20,000000 -20,200000
668 1711042112 0,000000 5,200000 20,000000 20,000000 -20,200000
668 1711042113 0,000000 5,200000 20,000000 20,000000 -20,200000
668 1711042114 0,000000 5,600000 20,000000 20,000000 -20,200000
668 1711042115 0,000000 5,600000 20,000000 20,000000 -20,200000
668 1711042116 0,000000 5,600000 20,000000 20,000000 -20,200000
668 1711042117 0,000000 5,600000 20,000000 20,000000 -20,200000
668 1711042118 0,000000 5,600000 20,000000 20,000000 -20,200000
668 1711042119 0,000000 5,600000 20,000000 20,000000 -20,200000
668 1711042120 0,000000 5,600000 20,000000 20,000000 -20,200000
668 1711042121 0,000000 5,600000 20,000000 20,000000 -20,200000
668 1711042122 0,000000 5,600000 20,000000 20,000000 -20,200000
668 1711042123 0,000000 5,600000 20,000000 20,000000 -20,200000
668 1711042124 0,000000 5,600000 20,000000 20,000000 -20,200000
668 1711042125 0,000000 5,600000 20,000000 20,000000 -20,200000
668 1711042126 0,000000 5,600000 20,000000 20,000000 -20,200000
668 1711042127 0,000000 5,600000 20,000000 20,000000 -20,200000
668 1711042128 0,000000 5,600000 20,000000 20,000000 -20,200000
668 1711042129 0,000000 5,800000 20,000000 20,000000 -20,200000
668 1711042130 0,000000 5,800000 20,000000 20,000000 -20,200000
668 1711042131 0,000000 5,800000 20,000000 20,000000 -20,200000
668 1711042132 0,000000 5,800000 20,000000 20,000000 -20,200000
668 1711042133 0,000000 5,800000 20,000000 20,000000 -20,200000
668 1711042134 0,000000 5,800000 20,000000 20,000000 -20,200000
668 1711042135 0,000000 5,800000 20,000000 20,000000 -20,200000
668 1711042136 0,000000 5,800000 20,000000 20,000000 -20,200000
668 1711042137 0,000000 5,800000 20,000000 20,000000 -20,200000
668 1711042138 0,000000 5,800000 20,000000 20,000000 -20,200000
668 1711042139 0,000000 6,000000 20,000000 20,000000 -20,200000
668 1711042140 0,000000 6,000000 20,000000 20,000000 -20,200000
668 1711042141 0,000000 6,000000 20,000000 20,000000 -20,200000
668 1711042142 0,000000 6,000000 20,000000 20,000000 -20,200000
668 1711042143 0,000000 6,000000 20,000000 20,000000 -20,200000
668 1711042144 0,000000 6,000000 20,000000 20,000000 -20,200000
668 1711042145 0,000000 6,000000 20,000000 20,000000 -20,200000
668 1711042146 0,000000 6,000000 20,000000 20,000000 -20,200000
668 1711042147 0,000000 6,000000 20,000000 20,000000 -20,200000
668 1711042148 0,000000 6,000000 20,000000 20,000000 -20,200000
668 1711042149 0,000000 6,200000 20,000000 20,000000 -20,200000
668 1711042150 0,000000 6,200000 20,000000 20,000000 -20,200000
668 1711042151 0,000000 6,200000 20,000000 20,000000 -20,200000
668 1711042152 0,000000 6,200000 20,000000 20,000000 -20,200000
668 1711042153 0,000000 6,200000 20,000000 20,000000 -20,200000
668 1711042154 0,000000 6,400000 20,000000 20,000000 -20,200000
668 1711042155 0,000000 6,400000 20,000000 20,000000 -20,200000
668 1711042156 0,000000 6,400000 20,000000 20,000000 -20,200000
668 1711042157 0,000000 6,400000 20,000000 20,000000 -20,200000
668 1711042158 0,000000 6,400000 20,000000 20,000000 -20,200000
668 1711042159 0,000000 6,800000 20,000000 20,000000 -20,200000
668 1711042160 0,000000 6,800000 20,000000 20,000000 -20,200000
668 1711042161 0,000000 6,800000 20,000000 20,000000 -20,200000
668 1711042162 0,000000 6,800000 20,000000 20,000000 -20,200000
668 1711042163 0,000000 6,800000 20,000000 20,000000 -20,200000
668 1711042164 0,000000 6,800000 20,000000 20,000000 -20,200000
668 1711042165 0,000000 6,800000 20,000000 20,000000 -20,200000
668 1711042166 0,000000 6,800000 20,000000 20,000000 -20,200000
668 1711042167 0,000000 6,800000 20,000000 20,000000 -20,200000
668 1711042168 0,000000 6,800000 20,000000 20,000000 -20,200000
668 1711042169 0,000000 6,800000 20,000000 20,000000 -20,200000
668 1711042170 0,000000 6,800000 20,000000 20,000000 -20,200000
668 1711042171 0,000000 6,800000 20,000000 20,000000 -20,200000
668 1711042172 0,000000 6,800000 20,000000 20,000000 -20,200000
668 1711042173 0,000000 6,800000 20,000000 20,000000 -20,200000
668 1711042174 0,000000 7,000000 20,000000 20,000000 -20,200000
668 1711042175 0,000000 7,000000 20,000000 20,000000 -20,200000
668 1711042176 0,000000 7,000000 20,000000 20,000000 -20,200000
668 1711042177 0,000000 7,000000 20,000000 20,000000 -20,200000
668 1711042178 0,000000 7,000000 20,000000 20,000000 -20,200000
668 1711042179 0,000000 7,200000 20,000000 20,000000 -20,200000
668 1711042180 0,000000 7,200000 20,000000 20,000000 -20,200000
668 1711042181 0,000000 7,200000 20,000000 20,000000 -20,200000
668 1711042182 0,000000 7,200000 20,000000 20,000000 -20,200000
668 1711042183 0,000000 7,200000 20,000000 20,000000 -20,200000
668 1711042184 0,000000 7,600000 20,000000 20,000000 -20,200000
668 1711042185 0,000000 7,600000 20,000000 20,000000 -20,200000
668 1711042186 0,000000 7,600000 20,000000 20,000000 -20,200000
668 1711042187 0,000000 7,600000 20,000000 20,000000 -20,200000
668 1711042188 0,000000 7,600000 20,000000 20,000000 -20,200000
668 1711042189 0,000000 7,600000 20,000000 20,000000 -20,200000
668 1711042190 0,000000 7,600000 20,000000 20,000000 -20,200000
668 1711042191 0,000000 7,600000 20,000000 20,000000 -20,200000
668 1711042192 0,000000 7,600000 20,000000 20,000000 -20,200000
668 1711042193 0,000000 7,600000 20,000000 20,000000 -20,200000
668 1711042194 0,000000 7,800000 20,000000 20,000000 -20,200000
668 1711042195 0,000000 7,800000 20,000000 20,000000 -20,200000
668 1711042196 0,000000 7,800000 20,000000 20,000000 -20,200000
668 1711042197 0,000000 7,800000 20,000000 20,000000 -20,200000
668 1711042198 0,000000 7,800000 20,000000 20,000000 -20,200000
668 1711042199 0,000000 7,800000 20,000000 20,000000 -20,200000
668 1711042200 0,000000 7,800000 20,000000 20,000000 -20,200000
668 1711042201 0,000000 7,800000 20,000000 20,000000 -20,200000
668 1711042202 0,000000 7,800000 20,000000 20,000000 -20,200000
668 1711042203 0,000000 7,800000 20,000000 20,000000 -20,200000
668 1711042204 0,000000 8,200000 20,000000 20,000000 -20,200000
668 1711042205 0,000000 8,200000 20,000000 20,000000 -20,200000
668 1711042206 0,000000 8,200000 20,000000 20,000000 -20,200000
668 1711042207 0,000000 8,200000 20,000000 20,000000 -20,200000
668 1711042208 0,000000 8,200000 20,000000 20,000000 -20,200000
668 1711042209 0,000000 8,200000 20,000000 20,000000 -20,200000
668 1711042210 0,000000 8,200000 20,000000 20,000000 -20,200000
668 1711042211 0,000000 8,200000 20,000000 20,000000 -20,200000
668 1711042212 0,000000 8,200000 20,000000 20,000000 -20,200000
668 1711042213 0,000000 8,200000 20,000000 20,000000 -20,200000
668 1711042214 0,000000 8,400000 20,000000 20,000000 -20,200000
668 1711042215 0,000000 8,400000 20,000000 20,000000 -20,200000
668 1711042216 0,000000 8,400000 20,000000 20,000000 -20,200000
668 1711042217 0,000000 8,400000 20,000000 20,000000 -20,200000
668 1711042218 0,000000 8,400000 20,000000 20,000000 -20,200000
668 1711042219 0,000000 8,600000 20,000000 20,000000 -20,200000
668 1711042220 0,000000 8,600000 20,000000 20,000000 -20,200000
668 1711042221 0,000000 8,600000 20,000000 20,000000 -20,200000
668 1711042222 0,000000 8,600000 20,000000 20,000000 -20,200000
668 1711042223 0,000000 8,600000 20,000000 20,000000 -20,200000
668 1711042224 0,000000 8,600000 20,000000 20,000000 -20,200000
668 1711042225 0,000000 8,600000 20,000000 20,000000 -20,200000
668 1711042226 0,000000 8,600000 20,000000 20,000000 -20,200000
668 1711042227 0,000000 8,600000 20,000000 20,000000 -20,200000
668 1711042228 0,000000 8,600000 20,000000 20,000000 -20,200000
668 1711042229 0,000000 9,000000 20,000000 20,000000 -20,200000
668 1711042230 0,000000 9,000000 20,000000 20,000000 -20,200000
668 1711042231 0,000000 9,000000 20,000000 20,000000 -20,200000
668 1711042232 0,000000 9,000000 20,000000 20,000000 -20,200000
668 1711042233 0,000000 9,000000 20,000000 20,000000 -20,200000
668 1711042234 0,000000 9,000000 20,000000 20,000000 -20,200000
668 1711042235 0,000000 9,000000 20,000000 20,000000 -20,200000
668 1711042236 0,000000 9,000000 20,000000 20,000000 -20,200000
668 1711042237 0,000000 9,000000 20,000000 20,000000 -20,200000
668 1711042238 0,000000 9,000000 20,000000 20,000000 -20,200000
668 1711042239 0,000000 9,000000 20,000000 20,000000 -20,200000
668 1711042240 0,000000 9,000000 20,000000 20,000000 -20,200000
668 1711042241 0,000000 9,000000 20,000000 20,000000 -20,200000
668 1711042242 0,000000 9,000000 20,000000 20,000000 -20,200000
668 1711042243 0,000000 9,000000 20,000000 20,000000 -20,200000
668 1711042244 0,000000 9,200000 20,000000 20,000000 -20,200000
668 1711042245 0,000000 9,200000 20,000000 20,000000 -20,200000
668 1711042246 0,000000 9,200000 20,000000 20,000000 -20,200000
668 1711042247 0,000000 9,200000 20,000000 20,000000 -20,200000
668 1711042248 0,000000 9,200000 20,000000 20,000000 -20,200000
668 1711042249 0,000000 9,400000 20,000000 20,000000 -20,200000
668 1711042250 0,000000 9,400000 20,000000 20,000000 -20,200000
668 1711042251 0,000000 9,400000 20,000000 20,000000 -20,200000
668 1711042252 0,000000 9,400000 20,000000 20,000000 -20,200000
668 1711042253 0,000000 9,400000 20,000000 20,000000 -20,200000
668 1711042254 0,000000 9,600000 20,000000 20,000000 -20,200000
668 1711042255 0,000000 9,600000 20,000000 20,000000 -20,200000
668 1711042256 0,000000 9,600000 20,000000 20,000000 -20,200000
668 1711042257 0,000000 9,600000 20,000000 20,000000 -20,200000
668 1711042258 0,000000 9,600000 20,000000 20,000000 -20,200000
668 1711042259 0,000000 9,600000 20,000000 20,000000 -20,200000
668 1711042260 0,000000 9,600000 20,000000 20,000000 -20,200000
668 1711042261 0,000000 9,600000 20,000000 20,000000 -20,200000
668 1711042262 0,000000 9,600000 20,000000 20,000000 -20,200000
668 1711042263 0,000000 9,600000 20,000000 20,000000 -20,200000
668 1711042264 0,000000 9,800000 20,000000 20,000000 -20,200000
668 1711042265 0,000000 9,800000 20,000000 20,000000 -20,200000
668 1711042266 0,000000 9,800000 20,000000 20,000000 -20,200000
668 1711042267 0,000000 9,800000 20,000000 20,000000 -20,200000
668 1711042268 0,000000 9,800000 20,000000 20,000000 -20,200000
668 1711042269 0,000000 9,800000 20,000000 20,000000 -20,200000
668 1711042270 0,000000 9,800000 20,000000 20,000000 -20,200000
668 1711042271 0,000000 9,800000 20,000000 20,000000 -20,200000
668 1711042272 0,000000 9,800000 20,000000 20,000000 -20,200000
668 1711042273 0,000000 9,800000 20,000000 20,000000 -20,200000
668 1711042274 0,000000 10,200000 20,000000 20,000000 -20,200000
668 1711042275 0,000000 10,200000 20,000000 20,000000 -20,200000
668 1711042276 0,000000 10,200000 20,000000 20,000000 -20,200000
668 1711042277 0,000000 10,200000 20,000000 20,000000 -20,200000
668 1711042278 0,000000 10,200000 20,000000 20,000000 -20,200000
668 1711042279 0,000000 10,200000 20,000000 20,000000 -20,200000
668 1711042280 0,000000 10,200000 20,000000 20,000000 -20,200000
668 1711042281 0,000000 10,200000 20,000000 20,000000 -20,200000
668 1711042282 0,000000 10,200000 20,000000 20,000000 -20,200000
668 1711042283 0,000000 10,200000 20,000000 20,000000 -20,200000
668 1711042284 0,000000 10,400000 20,000000 20,000000 -20,200000
668 1711042285 0,000000 10,400000 20,000000 20,000000 -20,200000
668 1711042286 0,000000 10,400000 20,000000 20,000000 -20,200000
668 1711042287 0,000000 10,400000 20,000000 20,000000 -20,200000
668 1711042288 0,000000 10,400000 20,000000 20,000000 -20,200000
668 1711042289 0,000000 10,600000 20,000000 20,000000 -20,200000
668 1711042290 0,000000 10,600000 20,000000 20,000000 -20,200000
668 1711042291 0,000000 10,600000 20,000000 20,000000 -20,200000
668 1711042292 0,000000 10,600000 20,000000 20,000000 -20,200000
668 1711042293 0,000000 10,600000 20,000000 20,000000 -20,200000
668 1711042294 0,000000 10,800000 20,000000 20,000000 -20,200000
668 1711042295 0,000000 10,800000 20,000000 20,000000 -20,200000
668 1711042296 0,000000 10,800000 20,000000 20,000000 -20,200000
668 1711042297 0,000000 10,800000 20,000000 20,000000 -20,200000
668 1711042298 0,000000 10,800000 20,000000 20,000000 -20,200000
668 1711042299 0,000000 10,800000 20,000000 20,000000 -20,200000
668 1711042300 0,000000 10,800000 20,000000 20,000000 -20,200000
668 1711042301 0,000000 10,800000 20,000000 20,000000 -20,200000
668 1711042302 0,000000 10,800000 20,000000 20,000000 -20,200000
668 1711042303 0,000000 10,800000 20,000000 20,000000 -20,200000
668 1711042304 0,000000 11,000000 20,000000 20,000000 -20,200000
668 1711042305 0,000000 11,000000 20,000000 20,000000 -20,200000
668 1711042306 0,000000 11,000000 20,000000 20,000000 -20,200000
668 1711042307 0,000000 11,000000 20,000000 20,000000 -20,200000
668 1711042308 0,000000 11,000000 20,000000 20,000000 -20,200000
668 1711042309 0,000000 11,400000 20,000000 20,000000 -20,200000
668 1711042310 0,000000 11,400000 20,000000 20,000000 -20,200000
668 1711042311 0,000000 11,400000 20,000000 20,000000 -20,200000
668 1711042312 0,000000 11,400000 20,000000 20,000000 -20,200000
668 1711042313 0,000000 11,400000 20,000000 20,000000 -20,200000
668 1711042314 0,000000 11,400000 20,000000 20,000000 -20,200000
668 1711042315 0,000000 11,400000 20,000000 20,000000 -20,200000
668 1711042316 0,000000 11,400000 20,000000 20,000000 -20,200000
668 1711042317 0,000000 11,400000 20,000000 20,000000 -20,200000
668 1711042318 0,000000 11,400000 20,000000 20,000000 -20,200000
668 1711042319 0,000000 11,600000 20,000000 20,000000 -20,200000
668 1711042320 0,000000 11,600000 20,000000 20,000000 -20,200000
668 1711042321 0,000000 11,600000 20,000000 20,000000 -20,200000
668 1711042322 0,000000 11,600000 20,000000 20,000000 -20,200000
668 1711042323 0,000000 11,600000 20,000000 20,000000 -20,200000
668 1711042324 0,000000 11,800000 20,000000 20,000000 -20,200000
668 1711042325 0,000000 11,800000 20,000000 20,000000 -20,200000
668 1711042326 0,000000 11,800000 20,000000 20,000000 -20,200000
668 1711042327 0,000000 11,800000 20,000000 20,000000 -20,200000
668 1711042328 0,000000 11,800000 20,000000 20,000000 -20,200000
668 1711042329 0,000000 11,800000 20,000000 20,000000 -20,200000
668 1711042330 0,000000 11,800000 20,000000 20,000000 -20,200000
668 1711042331 0,000000 11,800000 20,000000 20,000000 -20,200000
668 1711042332 0,000000 11,800000 20,000000 20,000000 -20,200000
668 1711042333 0,000000 11,800000 20,000000 20,000000 -20,200000
668 1711042334 0,000000 12,000000 20,000000 20,000000 -20,200000
668 1711042335 0,000000 12,000000 20,000000 20,000000 -20,200000
668 1711042336 0,000000 12,000000 20,000000 20,000000 -20,200000
668 1711042337 0,000000 12,000000 20,000000 20,000000 -20,200000
668 1711042338 0,000000 12,000000 20,000000 20,000000 -20,200000
668 1711042339 0,000000 12,200000 20,000000 20,000000 -20,200000
668 1711042340 0,000000 12,200000 20,000000 20,000000 -20,200000
668 1711042341 0,000000 12,200000 20,000000 20,000000 -20,200000
668 1711042342 0,000000 12,200000 20,000000 20,000000 -20,200000
668 1711042343 0,000000 12,200000 20,000000 20,000000 -20,200000
668 1711042344 0,000000 12,200000 20,000000 20,000000 -20,200000
668 1711042345 0,000000 12,200000 20,000000 20,000000 -20,200000
668 1711042346 0,000000 12,200000 20,000000 20,000000 -20,200000
668 1711042347 0,000000 12,200000 20,000000 20,000000 -20,200000
668 1711042348 0,000000 12,200000 20,000000 20,000000 -20,200000
668 1711042349 0,000000 12,400000 20,000000 20,000000 -20,200000
668 1711042350 0,000000 12,400000 20,000000 20,000000 -20,200000
668 1711042351 0,000000 12,400000 20,000000 20,000000 -20,200000
668 1711042352 0,000000 12,400000 20,000000 20,000000 -20,200000
668 1711042353 0,000000 12,400000 20,000000 20,000000 -20,200000
668 1711042354 0,000000 12,800000 20,000000 20,000000 -20,200000
668 1711042355 0,000000 12,800000 20,000000 20,000000 -20,200000
668 1711042356 0,000000 12,800000 20,000000 20,000000 -20,200000
668 1711042357 0,000000 12,800000 20,000000 20,000000 -20,200000
668 1711042358 0,000000 12,800000 20,000000 20,000000 -20,200000
668 1711042359 0,000000 12,800000 20,000000 20,000000 -20,200000
668 1711042360 0,000000 12,800000 20,000000 20,000000 -20,200000
668 1711042361 0,000000 12,800000 20,000000 20,000000 -20,200000
668 1711042362 0,000000 12,800000 20,000000 20,000000 -20,200000
668 1711042363 0,000000 12,800000 20,000000 20,000000 -20,200000
668 1711042364 0,000000 13,000000 20,000000 20,000000 -20,200000
668 1711042365 0,000000 13,000000 20,000000 20,000000 -20,200000
668 1711042366 0,000000 13,000000 20,000000 20,000000 -20,200000
668 1711042367 0,000000 13,000000 20,000000 20,000000 -20,200000
668 1711042368 0,000000 13,000000 20,000000 20,000000 -20,200000
668 1711042369 0,000000 13,000000 20,000000 20,000000 -20,200000
668 1711042370 0,000000 13,000000 20,000000 20,000000 -20,200000
668 1711042371 0,000000 13,000000 20,000000 20,000000 -20,200000
668 1711042372 0,000000 13,000000 20,000000 20,000000 -20,200000
668 1711042373 0,000000 13,000000 20,000000 20,000000 -20,200000
668 1711042374 0,000000 13,000000 20,000000 20,000000 -20,200000
668 1711042375 0,000000 13,000000 20,000000 20,000000 -20,200000
668 1711042376 0,000000 13,000000 20,000000 20,000000 -20,200000
668 1711042377 0,000000 13,000000 20,000000 20,000000 -20,200000
668 1711042378 0,000000 13,000000 20,000000 20,000000 -20,200000
668 1711042379 0,000000 13,000000 20,000000 20,000000 -20,200000
668 1711042380 0,000000 13,000000 20,000000 20,000000 -20,200000
668 1711042381 0,000000 13,000000 20,000000 20,000000 -20,200000
668 1711042382 0,000000 13,000000 20,000000 20,000000 -20,200000
668 1711042383 0,000000 13,000000 20,000000 20,000000 -20,200000
668 1711042384 0,000000 13,400000 20,000000 20,000000 -20,200000
668 1711042385 0,000000 13,400000 20,000000 20,000000 -20,200000
668 1711042386 0,000000 13,400000 20,000000 20,000000 -20,200000
668 1711042387 0,000000 13,400000 20,000000 20,000000 -20,200000
668 1711042388 0,000000 13,400000 20,000000 20,000000 -20,200000
668 1711042389 0,000000 13,600000 20,000000 20,000000 -20,200000
668 1711042390 0,000000 13,600000 20,000000 20,000000 -20,200000
668 1711042391 0,000000 13,600000 20,000000 20,000000 -20,200000
668 1711042392 0,000000 13,600000 20,000000 20,000000 -20,200000
668 1711042393 0,000000 13,600000 20,000000 20,000000 -20,200000
668 1711042394 0,000000 13,600000 20,000000 20,000000 -20,200000
668 1711042395 0,000000 13,600000 20,000000 20,000000 -20,200000
668 1711042396 0,000000 13,600000 20,000000 20,000000 -20,200000
668 1711042397 0,000000 13,600000 20,000000 20,000000 -20,200000
668 1711042398 0,000000 13,600000 20,000000 20,000000 -20,200000
668 1711042399 0,000000 14,200000 20,000000 20,000000 -20,200000
668 1711042400 0,000000 14,200000 20,000000 20,000000 -20,200000
668 1711042401 0,000000 14,200000 20,000000 20,000000 -20,200000
668 1711042402 0,000000 14,200000 20,000000 20,000000 -20,200000
668 1711042403 0,000000 14,200000 20,000000 20,000000 -20,200000
668 1711042404 0,000000 14,200000 20,000000 20,000000 -20,200000
668 1711042405 0,000000 14,200000 20,000000 20,000000 -20,200000
668 1711042406 0,000000 14,200000 20,000000 20,000000 -20,200000
668 1711042407 0,000000 14,200000 20,000000 20,000000 -20,200000
668 1711042408 0,000000 14,200000 20,000000 20,000000 -20,200000
668 1711042409 0,000000 14,400000 20,000000 20,000000 -20,200000
668 1711042410 0,000000 14,400000 20,000000 20,000000 -20,200000
668 1711042411 0,000000 14,400000 20,000000 20,000000 -20,200000
668 1711042412 0,000000 14,400000 20,000000 20,000000 -20,200000
668 1711042413 0,000000 14,400000 20,000000 20,000000 -20,200000
668 1711042414 0,000000 14,400000 20,000000 20,000000 -20,200000
668 1711042415 0,000000 14,400000 20,000000 20,000000 -20,200000
668 1711042416 0,000000 14,400000 20,000000 20,000000 -20,200000
668 1711042417 0,000000 14,400000 20,000000 20,000000 -20,200000
668 1711042418 0,000000 14,400000 20,000000 20,000000 -20,200000
668 1711042419 0,000000 14,400000 20,000000 20,000000 -20,200000
668 1711042420 0,000000 14,400000 20,000000 20,000000 -20,200000
668 1711042421 0,000000 14,400000 20,000000 20,000000 -20,200000
668 1711042422 0,000000 14,400000 20,000000 20,000000 -20,200000
668 1711042423 0,000000 14,400000 20,000000 20,000000 -20,200000
668 1711042424 0,000000 14,600000 20,000000 20,000000 -20,200000
668 1711042425 0,000000 14,600000 20,000000 20,000000 -20,200000
668 1711042426 0,000000 14,600000 20,000000 20,000000 -20,200000
668 1711042427 0,000000 14,600000 20,000000 20,000000 -20,200000
668 1711042428 0,000000 14,600000 20,000000 20,000000 -20,200000
668 1711042429 0,000000 14,800000 20,000000 20,000000 -20,200000
668 1711042430 0,000000 14,800000 20,000000 20,000000 -20,200000
668 1711042431 0,000000 14,800000 20,000000 20,000000 -20,200000
668 1711042432 0,000000 14,800000 20,000000 20,000000 -20,200000
668 1711042433 0,000000 14,800000 20,000000 20,000000 -20,200000
668 1711042434 0,000000 15,200000 20,000000 20,000000 -20,200000
668 1711042435 0,000000 15,200000 20,000000 20,000000 -20,200000
668 1711042436 0,000000 15,200000 20,000000 20,000000 -20,200000
668 1711042437 0,000000 15,200000 20,000000 20,000000 -20,200000
668 1711042438 0,000000 15,200000 20,000000 20,000000 -20,200000
668 1711042439 0,000000 15,200000 20,000000 20,000000 -20,200000
668 1711042440 0,000000 15,200000 20,000000 20,000000 -20,200000
668 1711042441 0,000000 15,200000 20,000000 20,000000 -20,200000
668 1711042442 0,000000 15,200000 20,000000 20,000000 -20,200000
668 1711042443 0,000000 15,200000 20,000000 20,000000 -20,200000
668 1711042444 0,000000 15,600000 20,000000 20,000000 -20,200000
668 1711042445 0,000000 15,600000 20,000000 20,000000 -20,200000
668 1711042446 0,000000 15,600000 20,000000 20,000000 -20,200000
668 1711042447 0,000000 15,600000 20,000000 20,000000 -20,200000
668 1711042448 0,000000 15,600000 20,000000 20,000000 -20,200000
668 1711042449 0,000000 15,600000 20,000000 20,000000 -20,200000
668 1711042450 0,000000 15,600000 20,000000 20,000000 -20,200000
668 1711042451 0,000000 15,600000 20,000000 20,000000 -20,200000
668 1711042452 0,000000 15,600000 20,000000 20,000000 -20,200000
668 1711042453 0,000000 15,600000 20,000000 20,000000 -20,200000
668 1711042454 0,000000 15,800000 20,000000 20,000000 -20,200000
668 1711042455 0,000000 15,800000 20,000000 20,000000 -20,200000
668 1711042456 0,000000 15,800000 20,000000 20,000000 -20,200000
668 1711042457 0,000000 15,800000 20,000000 20,000000 -20,200000
668 1711042458 0,000000 15,800000 20,000000 20,000000 -20,200000
668 1711042459 0,000000 15,800000 20,000000 20,000000 -20,200000
668 1711042460 0,000000 15,800000 20,000000 20,000000 -20,200000
668 1711042461 0,000000 15,800000 20,000000 20,000000 -20,200000
668 1711042462 0,000000 15,800000 20,000000 20,000000 -20,200000
668 1711042463 0,000000 15,800000 20,000000 20,000000 -20,200000
668 1711042464 0,000000 15,800000 20,000000 20,000000 -20,200000
668 1711042465 0,000000 15,800000 20,000000 20,000000 -20,200000
668 1711042466 0,000000 15,800000 20,000000 20,000000 -20,200000
668 1711042467 0,000000 15,800000 20,000000 20,000000 -20,200000
668 1711042468 0,000000 15,800000 20,000000 20,000000 -20,200000
668 1711042469 0,000000 16,000000 20,000000 20,000000 -20,200000
668 1711042470 0,000000 16,000000 20,000000 20,000000 -20,200000
668 1711042471 0,000000 16,000000 20,000000 20,000000 -20,200000
668 1711042472 0,000000 16,000000 20,000000 20,000000 -20,200000
668 1711042473 0,000000 16,000000 20,000000 20,000000 -20,200000
668 1711042474 0,000000 16,200000 20,000000 20,000000 -20,200000
668 1711042475 0,000000 16,200000 20,000000 20,000000 -20,200000
668 1711042476 0,000000 16,200000 20,000000 20,000000 -20,200000
668 1711042477 0,000000 16,200000 20,000000 20,000000 -20,200000
668 1711042478 0,000000 16,200000 20,000000 20,000000 -20,200000
668 1711042540 0,000000 0,500000 20,000000 20,000000 5100,500000
668 1711042539 0,000000 0,500000 20,000000 20,000000 5100,500000
668 1711042538 0,000000 0,200000 20,000000 20,000000 2040,200000
668 1711042537 0,000000 0,200000 20,000000 20,000000 2040,200000
668 1711042536 0,000000 0,200000 20,000000 20,000000 2040,200000
668 1711042535 0,000000 0,200000 20,000000 20,000000 2040,200000
668 1711042534 0,000000 0,200000 20,000000 20,000000 2040,200000
668 1711042533 0,000000 0,200000 20,000000 20,000000 2040,200000
668 1711042532 0,000000 0,200000 20,000000 20,000000 2040,200000
668 1711042531 0,000000 0,200000 20,000000 20,000000 2040,200000
668 1711042530 0,000000 0,200000 20,000000 20,000000 2040,200000
668 1711042529 0,000000 0,200000 20,000000 20,000000 2040,200000
668 1711042528 0,000000 0,200000 20,000000 20,000000 2040,200000
668 1711042527 0,000000 0,200000 20,000000 20,000000 2040,200000
668 1711042526 0,000000 0,200000 20,000000 20,000000 2040,200000
668 1711042525 0,000000 0,200000 20,000000 20,000000 2040,200000
668 1711042524 0,000000 0,200000 20,000000 20,000000 2040,200000
668 1711042523 0,000000 0,200000 20,000000 20,000000 2040,200000
668 1711042522 0,000000 0,200000 20,000000 20,000000 2040,200000
668 1711042521 0,000000 0,200000 20,000000 20,000000 2040,200000
668 1711042520 0,000000 0,200000 20,000000 20,000000 2040,200000
668 1711042519 0,000000 0,200000 20,000000 20,000000 2040,200000
668 1711042518 0,000000 0,200000 20,000000 20,000000 2040,200000
668 1711042517 0,000000 0,200000 20,000000 20,000000 2040,200000
668 1711042516 0,000000 0,200000 20,000000 20,000000 2040,200000
668 1711042515 0,000000 0,200000 20,000000 20,000000 2040,200000
668 1711042514 0,000000 0,200000 20,000000 20,000000 2040,200000
668 1711042513 0,000000 0,200000 20,000000 20,000000 2040,200000
668 1711042512 0,000000 0,200000 20,000000 20,000000 2040,200000
668 1711042511 0,000000 0,200000 20,000000 20,000000 2040,200000
668 1711042510 0,000000 0,200000 20,000000 20,000000 2040,200000
668 1711042509 0,000000 0,200000 20,000000 20,000000 2040,200000
668 1711042508 0,000000 0,200000 20,000000 20,000000 2040,200000
668 1711042507 0,000000 0,200000 20,000000 20,000000 2040,200000
668 1711042506 0,000000 0,200000 20,000000 20,000000 2040,200000
668 1711042505 0,000000 0,200000 20,000000 20,000000 2040,200000
668 1711042504 0,000000 0,200000 20,000000 20,000000 2040,200000
668 1711042503 0,000000 0,200000 20,000000 20,000000 2040,200000
668 1711042502 0,000000 0,200000 20,000000 20,000000 2040,200000
668 1711042501 0,000000 0,200000 20,000000 20,000000 2040,200000
668 1711042500 0,000000 0,200000 20,000000 20,000000 2040,200000
668 1711042499 0,000000 0,200000 20,000000 20,000000 2040,200000
668 1711042498 0,000000 0,200000 20,000000 20,000000 2040,200000
668 1711042497 0,000000 0,200000 20,000000 20,000000 2040,200000
668 1711042496 0,000000 0,200000 20,000000 20,000000 2040,200000
668 1711042495 0,000000 0,200000 20,000000 20,000000 2040,200000
668 1711042494 0,000000 0,200000 20,000000 20,000000 2040,200000
668 1711042493 0,000000 0,200000 20,000000 20,000000 2040,200000
668 1711042492 0,000000 0,200000 20,000000 20,000000 2040,200000
668 1711042491 0,000000 0,200000 20,000000 20,000000 2040,200000
668 1711042490 0,000000 0,200000 20,000000 20,000000 2040,200000
668 1711042489 0,000000 0,200000 20,000000 20,000000 2040,200000
668 1711042488 0,000000 0,200000 20,000000 20,000000 2040,200000
668 1711042487 0,000000 0,200000 20,000000 20,000000 2040,200000
668 1711042486 0,000000 0,200000 20,000000 20,000000 2040,200000
668 1711042485 0,000000 0,200000 20,000000 20,000000 2040,200000
668 1711042484 0,000000 0,200000 20,000000 20,000000 2040,200000
668 1711042483 0,000000 0,200000 20,000000 20,000000 2040,200000
668 1711042482 0,000000 0,200000 20,000000 20,000000 2040,200000
668 1711042481 0,000000 0,200000 20,000000 20,000000 2040,200000
668 1711042480 0,000000 0,200000 20,000000 20,000000 2040,200000
668 1711042479 0,000000 0,200000 20,000000 20,000000 2040,200000
668 1711042479 0,000000 16,200000 20,000000 20,000000 -20,200000
668 1711042480 0,000000 16,200000 20,000000 20,000000 -20,200000
668 1711042481 0,000000 16,200000 20,000000 20,000000 -20,200000
668 1711042482 0,000000 16,200000 20,000000 20,000000 -20,200000
668 1711042483 0,000000 16,200000 20,000000 20,000000 -20,200000
668 1711042484 0,000000 16,400000 20,000000 20,000000 -20,200000
668 1711042485 0,000000 16,400000 20,000000 20,000000 -20,200000
668 1711042486 0,000000 16,400000 20,000000 20,000000 -20,200000
668 1711042487 0,000000 16,400000 20,000000 20,000000 -20,200000
668 1711042488 0,000000 16,400000 20,000000 20,000000 -20,200000
668 1711042489 0,000000 16,600000 20,000000 20,000000 -20,200000
668 1711042490 0,000000 16,600000 20,000000 20,000000 -20,200000
668 1711042491 0,000000 16,600000 20,000000 20,000000 -20,200000
668 1711042492 0,000000 16,600000 20,000000 20,000000 -20,200000
668 1711042493 0,000000 16,600000 20,000000 20,000000 -20,200000
668 1711042494 0,000000 16,800000 20,000000 20,000000 -20,200000
668 1711042495 0,000000 16,800000 20,000000 20,000000 -20,200000
668 1711042496 0,000000 16,800000 20,000000 20,000000 -20,200000
668 1711042497 0,000000 16,800000 20,000000 20,000000 -20,200000
668 1711042498 0,000000 16,800000 20,000000 20,000000 -20,200000
668 1711042499 0,000000 17,000000 20,000000 20,000000 -20,200000
668 1711042500 0,000000 17,000000 20,000000 20,000000 -20,200000
668 1711042501 0,000000 17,000000 20,000000 20,000000 -20,200000
668 1711042502 0,000000 17,000000 20,000000 20,000000 -20,200000
668 1711042503 0,000000 17,000000 20,000000 20,000000 -20,200000
668 1711042504 0,000000 17,000000 20,000000 20,000000 -20,200000
668 1711042505 0,000000 17,000000 20,000000 20,000000 -20,200000
668 1711042506 0,000000 17,000000 20,000000 20,000000 -20,200000
668 1711042507 0,000000 17,000000 20,000000 20,000000 -20,200000
668 1711042508 0,000000 17,000000 20,000000 20,000000 -20,200000
668 1711042509 0,000000 17,200000 20,000000 20,000000 -20,200000
668 1711042510 0,000000 17,200000 20,000000 20,000000 -20,200000
668 1711042511 0,000000 17,200000 20,000000 20,000000 -20,200000
668 1711042512 0,000000 17,200000 20,000000 20,000000 -20,200000
668 1711042513 0,000000 17,200000 20,000000 20,000000 -20,200000
668 1711042514 0,000000 17,600000 20,000000 20,000000 -20,200000
668 1711042515 0,000000 17,600000 20,000000 20,000000 -20,200000
668 1711042516 0,000000 17,600000 20,000000 20,000000 -20,200000
668 1711042517 0,000000 17,600000 20,000000 20,000000 -20,200000
668 1711042518 0,000000 17,600000 20,000000 20,000000 -20,200000
668 1711042519 0,000000 17,800000 20,000000 20,000000 -20,200000
668 1711042520 0,000000 17,800000 20,000000 20,000000 -20,200000
668 1711042521 0,000000 17,800000 20,000000 20,000000 -20,200000
668 1711042522 0,000000 17,800000 20,000000 20,000000 -20,200000
668 1711042523 0,000000 17,800000 20,000000 20,000000 -20,200000
668 1711042524 0,000000 17,800000 20,000000 20,000000 -20,200000
668 1711042525 0,000000 17,800000 20,000000 20,000000 -20,200000
668 1711042526 0,000000 17,800000 20,000000 20,000000 -20,200000
668 1711042527 0,000000 17,800000 20,000000 20,000000 -20,200000
668 1711042528 0,000000 17,800000 20,000000 20,000000 -20,200000
668 1711042529 0,000000 17,800000 20,000000 20,000000 -20,200000
668 1711042530 0,000000 17,800000 20,000000 20,000000 -20,200000
668 1711042531 0,000000 17,800000 20,000000 20,000000 -20,200000
668 1711042532 0,000000 17,800000 20,000000 20,000000 -20,200000
668 1711042533 0,000000 17,800000 20,000000 20,000000 -20,200000
668 1711042534 0,000000 18,000000 20,000000 20,000000 -20,200000
668 1711042535 0,000000 18,000000 20,000000 20,000000 -20,200000
668 1711042536 0,000000 18,000000 20,000000 20,000000 -20,200000
668 1711042537 0,000000 18,000000 20,000000 20,000000 -20,200000
668 1711042538 0,000000 18,000000 20,000000 20,000000 -20,200000
668 1711042539 0,000000 18,000000 20,000000 20,000000 -20,200000
668 1711042540 0,000000 18,000000 20,000000 20,000000 -20,200000
668 1711042541 0,000000 18,000000 20,000000 20,000000 -20,200000
668 1711042542 0,000000 18,000000 20,000000 20,000000 -20,200000
668 1711042543 0,000000 18,000000 20,000000 20,000000 -20,200000
668 1711042544 0,000000 18,600000 20,000000 20,000000 -20,200000
668 1711042545 0,000000 18,600000 20,000000 20,000000 -20,200000
668 1711042546 0,000000 18,600000 20,000000 20,000000 -20,200000
668 1711042547 0,000000 18,600000 20,000000 20,000000 -20,200000
668 1711042548 0,000000 18,600000 20,000000 20,000000 -20,200000
668 1711042549 0,000000 18,800000 20,000000 20,000000 -20,200000
668 1711042550 0,000000 18,800000 20,000000 20,000000 -20,200000
668 1711042551 0,000000 18,800000 20,000000 20,000000 -20,200000
668 1711042552 0,000000 18,800000 20,000000 20,000000 -20,200000
668 1711042553 0,000000 18,800000 20,000000 20,000000 -20,200000
668 1711042554 0,000000 18,800000 20,000000 20,000000 -20,200000
668 1711042555 0,000000 18,800000 20,000000 20,000000 -20,200000
668 1711042556 0,000000 18,800000 20,000000 20,000000 -20,200000
668 1711042557 0,000000 18,800000 20,000000 20,000000 -20,200000
668 1711042558 0,000000 18,800000 20,000000 20,000000 -20,200000
668 1711042559 0,000000 18,800000 20,000000 20,000000 -20,200000
668 1711042560 0,000000 18,800000 20,000000 20,000000 -20,200000
668 1711042561 0,000000 18,800000 20,000000 20,000000 -20,200000
668 1711042562 0,000000 18,800000 20,000000 20,000000 -20,200000
668 1711042563 0,000000 18,800000 20,000000 20,000000 -20,200000
668 1711042564 0,000000 19,000000 20,000000 20,000000 -20,200000
668 1711042565 0,000000 19,000000 20,000000 20,000000 -20,200000
668 1711042566 0,000000 19,000000 20,000000 20,000000 -20,200000
668 1711042567 0,000000 19,000000 20,000000 20,000000 -20,200000
668 1711042568 0,000000 19,000000 20,000000 20,000000 -20,200000
668 1711042569 0,000000 19,000000 20,000000 20,000000 -20,200000
668 1711042570 0,000000 19,000000 20,000000 20,000000 -20,200000
668 1711042571 0,000000 19,000000 20,000000 20,000000 -20,200000
668 1711042572 0,000000 19,000000 20,000000 20,000000 -20,200000
668 1711042573 0,000000 19,000000 20,000000 20,000000 -20,200000
668 1711042574 0,000000 19,000000 20,000000 20,000000 -20,200000
668 1711042575 0,000000 19,000000 20,000000 20,000000 -20,200000
668 1711042576 0,000000 19,000000 20,000000 20,000000 -20,200000
668 1711042577 0,000000 19,000000 20,000000 20,000000 -20,200000
668 1711042578 0,000000 19,000000 20,000000 20,000000 -20,200000
668 1711042579 0,000000 19,200000 20,000000 20,000000 -20,200000
668 1711042580 0,000000 19,200000 20,000000 20,000000 -20,200000
668 1711042581 0,000000 19,200000 20,000000 20,000000 -20,200000
668 1711042582 0,000000 19,200000 20,000000 20,000000 -20,200000
668 1711042583 0,000000 19,200000 20,000000 20,000000 -20,200000
668 1711042584 0,000000 19,400000 20,000000 20,000000 -20,200000
668 1711042585 0,000000 19,400000 20,000000 20,000000 -20,200000
668 1711042586 0,000000 19,400000 20,000000 20,000000 -20,200000
668 1711042587 0,000000 19,400000 20,000000 20,000000 -20,200000
668 1711042588 0,000000 19,400000 20,000000 20,000000 -20,200000
668 1711042589 0,000000 19,800000 20,000000 20,000000 -20,200000
668 1711042590 0,000000 19,800000 20,000000 20,000000 -20,200000
668 1711042591 0,000000 19,800000 20,000000 20,000000 -20,200000
668 1711042592 0,000000 19,800000 20,000000 20,000000 -20,200000
668 1711042593 0,000000 19,800000 20,000000 20,000000 -20,200000
668 1711042594 0,000000 20,000000 20,000000 20,000000 -20,200000
668 1711042595 0,000000 20,000000 20,000000 20,000000 -20,200000
668 1711042596 0,000000 20,000000 20,000000 20,000000 -20,200000
668 1711042597 0,000000 20,000000 20,000000 20,000000 -20,200000
668 1711042598 0,000000 20,000000 20,000000 20,000000 -20,200000
668 1711042599 0,000000 20,000000 20,000000 20,000000 -20,200000
668 1711042600 0,000000 20,000000 20,000000 20,000000 -20,200000
668 1711042601 0,000000 20,000000 20,000000 20,000000 -20,200000
668 1711042602 0,000000 20,000000 20,000000 20,000000 -20,200000
668 1711042603 0,000000 20,000000 20,000000 20,000000 -20,200000
668 1711042604 0,000000 20,200000 20,000000 20,000000 -20,200000
668 1711042605 0,000000 20,200000 20,000000 20,000000 -20,200000
668 1711042606 0,000000 20,200000 20,000000 20,000000 -20,200000
668 1711042607 0,000000 20,200000 20,000000 20,000000 -20,200000
668 1711042608 0,000000 20,200000 20,000000 20,000000 -20,200000
668 1711042609 0,000000 20,400000 20,000000 20,000000 -20,200000
668 1711042610 0,000000 20,400000 20,000000 20,000000 -20,200000
668 1711042611 0,000000 20,400000 20,000000 20,000000 -20,200000
668 1711042612 0,000000 20,400000 20,000000 20,000000 -20,200000
668 1711042613 0,000000 20,400000 20,000000 20,000000 -20,200000
668 1711042614 0,000000 20,400000 20,000000 20,000000 -20,200000
668 1711042615 0,000000 20,400000 20,000000 20,000000 -20,200000
668 1711042616 0,000000 20,400000 20,000000 20,000000 -20,200000
668 1711042617 0,000000 20,400000 20,000000 20,000000 -20,200000
668 1711042618 0,000000 20,400000 20,000000 20,000000 -20,200000
668 1711042619 0,000000 20,600000 20,000000 20,000000 -20,200000
668 1711042620 0,000000 20,600000 20,000000 20,000000 -20,200000
668 1711042621 0,000000 20,600000 20,000000 20,000000 -20,200000
668 1711042622 0,000000 20,600000 20,000000 20,000000 -20,200000
668 1711042623 0,000000 20,600000 20,000000 20,000000 -20,200000
668 1711042624 0,000000 20,800000 20,000000 20,000000 -20,200000
668 1711042625 0,000000 20,800000 20,000000 20,000000 -20,200000
668 1711042626 0,000000 20,800000 20,000000 20,000000 -20,200000
668 1711042627 0,000000 20,800000 20,000000 20,000000 -20,200000
668 1711042628 0,000000 20,800000 20,000000 20,000000 -20,200000
668 1711042629 0,000000 21,000000 20,000000 20,000000 -20,200000
668 1711042630 0,000000 21,000000 20,000000 20,000000 -20,200000
668 1711042631 0,000000 21,000000 20,000000 20,000000 -20,200000
668 1711042632 0,000000 21,000000 20,000000 20,000000 -20,200000
668 1711042633 0,000000 21,000000 20,000000 20,000000 -20,200000
668 1711042634 0,000000 21,200000 20,000000 20,000000 -20,200000
668 1711042635 0,000000 21,200000 20,000000 20,000000 -20,200000
668 1711042636 0,000000 21,200000 20,000000 20,000000 -20,200000
668 1711042637 0,000000 21,200000 20,000000 20,000000 -20,200000
668 1711042638 0,000000 21,200000 20,000000 20,000000 -20,200000
668 1711042639 0,000000 21,400000 20,000000 20,000000 -20,200000
668 1711042640 0,000000 21,400000 20,000000 20,000000 -20,200000
668 1711042641 0,000000 21,400000 20,000000 20,000000 -20,200000
668 1711042642 0,000000 21,400000 20,000000 20,000000 -20,200000
668 1711042643 0,000000 21,400000 20,000000 20,000000 -20,200000
668 1711042644 0,000000 21,400000 20,000000 20,000000 -20,200000
668 1711042645 0,000000 21,400000 20,000000 20,000000 -20,200000
668 1711042646 0,000000 21,400000 20,000000 20,000000 -20,200000
668 1711042647 0,000000 21,400000 20,000000 20,000000 -20,200000
668 1711042648 0,000000 21,400000 20,000000 20,000000 -20,200000
668 1711042649 0,000000 21,400000 20,000000 20,000000 -20,200000
668 1711042650 0,000000 21,400000 20,000000 20,000000 -20,200000
668 1711042651 0,000000 21,400000 20,000000 20,000000 -20,200000
668 1711042652 0,000000 21,400000 20,000000 20,000000 -20,200000
668 1711042653 0,000000 21,400000 20,000000 20,000000 -20,200000
668 1711042654 0,000000 21,800000 20,000000 20,000000 -20,200000
668 1711042655 0,000000 21,800000 20,000000 20,000000 -20,200000
668 1711042656 0,000000 21,800000 20,000000 20,000000 -20,200000
668 1711042657 0,000000 21,800000 20,000000 20,000000 -20,200000
668 1711042658 0,000000 21,800000 20,000000 20,000000 -20,200000
668 1711042659 0,000000 21,800000 20,000000 20,000000 -20,200000
668 1711042660 0,000000 21,800000 20,000000 20,000000 -20,200000
668 1711042661 0,000000 21,800000 20,000000 20,000000 -20,200000
668 1711042662 0,000000 21,800000 20,000000 20,000000 -20,200000
668 1711042663 0,000000 21,800000 20,000000 20,000000 -20,200000
668 1711042664 0,000000 21,800000 20,000000 20,000000 -20,200000
668 1711042665 0,000000 21,800000 20,000000 20,000000 -20,200000
668 1711042666 0,000000 21,800000 20,000000 20,000000 -20,200000
668 1711042667 0,000000 21,800000 20,000000 20,000000 -20,200000
668 1711042668 0,000000 21,800000 20,000000 20,000000 -20,200000
668 1711042669 0,000000 22,000000 20,000000 20,000000 -20,200000
668 1711042670 0,000000 22,000000 20,000000 20,000000 -20,200000
668 1711042671 0,000000 22,000000 20,000000 20,000000 -20,200000
668 1711042672 0,000000 22,000000 20,000000 20,000000 -20,200000
668 1711042673 0,000000 22,000000 20,000000 20,000000 -20,200000
668 1711042674 0,000000 22,200000 20,000000 20,000000 -20,200000
668 1711042675 0,000000 22,200000 20,000000 20,000000 -20,200000
668 1711042676 0,000000 22,200000 20,000000 20,000000 -20,200000
668 1711042677 0,000000 22,200000 20,000000 20,000000 -20,200000
668 1711042678 0,000000 22,200000 20,000000 20,000000 -20,200000
668 1711042679 0,000000 22,400000 20,000000 20,000000 -20,200000
668 1711042680 0,000000 22,400000 20,000000 20,000000 -20,200000
668 1711042681 0,000000 22,400000 20,000000 20,000000 -20,200000
668 1711042682 0,000000 22,400000 20,000000 20,000000 -20,200000
668 1711042683 0,000000 22,400000 20,000000 20,000000 -20,200000
668 1711042684 0,000000 22,800000 20,000000 20,000000 -20,200000
668 1711042685 0,000000 22,800000 20,000000 20,000000 -20,200000
668 1711042686 0,000000 22,800000 20,000000 20,000000 -20,200000
668 1711042687 0,000000 22,800000 20,000000 20,000000 -20,200000
668 1711042688 0,000000 22,800000 20,000000 20,000000 -20,200000
668 1711042689 0,000000 22,800000 20,000000 20,000000 -20,200000
668 1711042690 0,000000 22,800000 20,000000 20,000000 -20,200000
668 1711042691 0,000000 22,800000 20,000000 20,000000 -20,200000
668 1711042692 0,000000 22,800000 20,000000 20,000000 -20,200000
668 1711042693 0,000000 22,800000 20,000000 20,000000 -20,200000
668 1711042694 0,000000 23,000000 20,000000 20,000000 -20,200000
668 1711042695 0,000000 23,000000 20,000000 20,000000 -20,200000
668 1711042696 0,000000 23,000000 20,000000 20,000000 -20,200000
668 1711042697 0,000000 23,000000 20,000000 20,000000 -20,200000
668 1711042698 0,000000 23,000000 20,000000 20,000000 -20,200000
668 1711042699 0,000000 23,200000 20,000000 20,000000 -20,200000
668 1711042700 0,000000 23,200000 20,000000 20,000000 -20,200000
668 1711042701 0,000000 23,200000 20,000000 20,000000 -20,200000
668 1711042702 0,000000 23,200000 20,000000 20,000000 -20,200000
668 1711042703 0,000000 23,200000 20,000000 20,000000 -20,200000
668 1711042704 0,000000 23,200000 20,000000 20,000000 -20,200000
668 1711042705 0,000000 23,200000 20,000000 20,000000 -20,200000
668 1711042706 0,000000 23,200000 20,000000 20,000000 -20,200000
668 1711042707 0,000000 23,200000 20,000000 20,000000 -20,200000
668 1711042708 0,000000 23,200000 20,000000 20,000000 -20,200000
668 1711042709 0,000000 23,400000 20,000000 20,000000 -20,200000
668 1711042710 0,000000 23,400000 20,000000 20,000000 -20,200000
668 1711042711 0,000000 23,400000 20,000000 20,000000 -20,200000
668 1711042712 0,000000 23,400000 20,000000 20,000000 -20,200000
668 1711042713 0,000000 23,400000 20,000000 20,000000 -20,200000
668 1711042714 0,000000 23,600000 20,000000 20,000000 -20,200000
668 1711042715 0,000000 23,600000 20,000000 20,000000 -20,200000
668 1711042716 0,000000 23,600000 20,000000 20,000000 -20,200000
668 1711042717 0,000000 23,600000 20,000000 20,000000 -20,200000
668 1711042718 0,000000 23,600000 20,000000 20,000000 -20,200000
668 1711042719 0,000000 23,600000 20,000000 20,000000 -20,200000
668 1711042720 0,000000 23,600000 20,000000 20,000000 -20,200000
668 1711042721 0,000000 23,600000 20,000000 20,000000 -20,200000
668 1711042722 0,000000 23,600000 20,000000 20,000000 -20,200000
668 1711042723 0,000000 23,600000 20,000000 20,000000 -20,200000
668 1711042724 0,000000 23,800000 20,000000 20,000000 -20,200000
668 1711042725 0,000000 23,800000 20,000000 20,000000 -20,200000
668 1711042726 0,000000 23,800000 20,000000 20,000000 -20,200000
668 1711042727 0,000000 23,800000 20,000000 20,000000 -20,200000
668 1711042728 0,000000 23,800000 20,000000 20,000000 -20,200000
668 1711042729 0,000000 24,000000 20,000000 20,000000 -20,200000
668 1711042730 0,000000 24,000000 20,000000 20,000000 -20,200000
668 1711042731 0,000000 24,000000 20,000000 20,000000 -20,200000
668 1711042732 0,000000 24,000000 20,000000 20,000000 -20,200000
668 1711042733 0,000000 24,000000 20,000000 20,000000 -20,200000
668 1711042734 0,000000 24,200000 20,000000 20,000000 -20,200000
668 1711042735 0,000000 24,200000 20,000000 20,000000 -20,200000
668 1711042736 0,000000 24,200000 20,000000 20,000000 -20,200000
668 1711042737 0,000000 24,200000 20,000000 20,000000 -20,200000
668 1711042738 0,000000 24,200000 20,000000 20,000000 -20,200000
668 1711042739 0,000000 24,200000 20,000000 20,000000 -20,200000
668 1711042740 0,000000 24,200000 20,000000 20,000000 -20,200000
668 1711042741 0,000000 24,200000 20,000000 20,000000 -20,200000
668 1711042742 0,000000 24,200000 20,000000 20,000000 -20,200000
668 1711042743 0,000000 24,200000 20,000000 20,000000 -20,200000
668 1711042744 0,000000 24,400000 20,000000 20,000000 -20,200000
668 1711042745 0,000000 24,400000 20,000000 20,000000 -20,200000
668 1711042746 0,000000 24,400000 20,000000 20,000000 -20,200000
668 1711042747 0,000000 24,400000 20,000000 20,000000 -20,200000
668 1711042748 0,000000 24,400000 20,000000 20,000000 -20,200000
668 1711042749 0,000000 24,400000 20,000000 20,000000 -20,200000
668 1711042750 0,000000 24,400000 20,000000 20,000000 -20,200000
668 1711042751 0,000000 24,400000 20,000000 20,000000 -20,200000
668 1711042752 0,000000 24,400000 20,000000 20,000000 -20,200000
668 1711042753 0,000000 24,400000 20,000000 20,000000 -20,200000
668 1711042754 0,000000 24,600000 20,000000 20,000000 -20,200000
668 1711042755 0,000000 24,600000 20,000000 20,000000 -20,200000
668 1711042756 0,000000 24,600000 20,000000 20,000000 -20,200000
668 1711042757 0,000000 24,600000 20,000000 20,000000 -20,200000
668 1711042758 0,000000 24,600000 20,000000 20,000000 -20,200000
668 1711042759 0,000000 24,800000 20,000000 20,000000 -20,200000
668 1711042760 0,000000 24,800000 20,000000 20,000000 -20,200000
668 1711042761 0,000000 24,800000 20,000000 20,000000 -20,200000
668 1711042762 0,000000 24,800000 20,000000 20,000000 -20,200000
668 1711042763 0,000000 24,800000 20,000000 20,000000 -20,200000
668 1711042764 0,000000 25,000000 20,000000 20,000000 -20,200000
668 1711042765 0,000000 25,000000 20,000000 20,000000 -20,200000
668 1711042766 0,000000 25,000000 20,000000 20,000000 -20,200000
668 1711042767 0,000000 25,000000 20,000000 20,000000 -20,200000
668 1711042768 0,000000 25,000000 20,000000 20,000000 -20,200000
668 1711042769 0,000000 25,200000 20,000000 20,000000 -20,200000
668 1711042770 0,000000 25,200000 20,000000 20,000000 -20,200000
668 1711042771 0,000000 25,200000 20,000000 20,000000 -20,200000
668 1711042772 0,000000 25,200000 20,000000 20,000000 -20,200000
668 1711042773 0,000000 25,200000 20,000000 20,000000 -20,200000
668 1711042774 0,000000 25,200000 20,000000 20,000000 -20,200000
668 1711042775 0,000000 25,200000 20,000000 20,000000 -20,200000
668 1711042776 0,000000 25,200000 20,000000 20,000000 -20,200000
668 1711042777 0,000000 25,200000 20,000000 20,000000 -20,200000
668 1711042778 0,000000 25,200000 20,000000 20,000000 -20,200000
668 1711042779 0,000000 25,200000 20,000000 20,000000 -20,200000
668 1711042780 0,000000 25,200000 20,000000 20,000000 -20,200000
668 1711042781 0,000000 25,200000 20,000000 20,000000 -20,200000
668 1711042782 0,000000 25,200000 20,000000 20,000000 -20,200000
668 1711042783 0,000000 25,200000 20,000000 20,000000 -20,200000
668 1711042784 0,000000 25,800000 20,000000 20,000000 -20,200000
668 1711042785 0,000000 25,800000 20,000000 20,000000 -20,200000
668 1711042786 0,000000 25,800000 20,000000 20,000000 -20,200000
668 1711042787 0,000000 25,800000 20,000000 20,000000 -20,200000
668 1711042788 0,000000 25,800000 20,000000 20,000000 -20,200000
668 1711042789 0,000000 26,200000 20,000000 20,000000 -20,200000
668 1711042790 0,000000 26,200000 20,000000 20,000000 -20,200000
668 1711042791 0,000000 26,200000 20,000000 20,000000 -20,200000
668 1711042792 0,000000 26,200000 20,000000 20,000000 -20,200000
668 1711042793 0,000000 26,200000 20,000000 20,000000 -20,200000
668 1711042794 0,000000 26,200000 20,000000 20,000000 -20,200000
668 1711042795 0,000000 26,200000 20,000000 20,000000 -20,200000
668 1711042796 0,000000 26,200000 20,000000 20,000000 -20,200000
668 1711042797 0,000000 26,200000 20,000000 20,000000 -20,200000
668 1711042798 0,000000 26,200000 20,000000 20,000000 -20,200000
668 1711042799 0,000000 26,200000 20,000000 20,000000 -20,200000
668 1711042800 0,000000 26,200000 20,000000 20,000000 -20,200000
668 1711042801 0,000000 26,200000 20,000000 20,000000 -20,200000
668 1711042802 0,000000 26,200000 20,000000 20,000000 -20,200000
668 1711042803 0,000000 26,200000 20,000000 20,000000 -20,200000
668 1711042804 0,000000 26,400000 20,000000 20,000000 -20,200000
668 1711042805 0,000000 26,400000 20,000000 20,000000 -20,200000
668 1711042806 0,000000 26,400000 20,000000 20,000000 -20,200000
668 1711042807 0,000000 26,400000 20,000000 20,000000 -20,200000
668 1711042808 0,000000 26,400000 20,000000 20,000000 -20,200000
668 1711042809 0,000000 26,400000 20,000000 20,000000 -20,200000
668 1711042810 0,000000 26,400000 20,000000 20,000000 -20,200000
668 1711042811 0,000000 26,400000 20,000000 20,000000 -20,200000
668 1711042812 0,000000 26,400000 20,000000 20,000000 -20,200000
668 1711042813 0,000000 26,400000 20,000000 20,000000 -20,200000
668 1711042814 0,000000 26,600000 20,000000 20,000000 -20,200000
668 1711042815 0,000000 26,600000 20,000000 20,000000 -20,200000
668 1711042816 0,000000 26,600000 20,000000 20,000000 -20,200000
668 1711042817 0,000000 26,600000 20,000000 20,000000 -20,200000
668 1711042818 0,000000 26,600000 20,000000 20,000000 -20,200000
668 1711042819 0,000000 26,600000 20,000000 20,000000 -20,200000
668 1711042820 0,000000 26,600000 20,000000 20,000000 -20,200000
668 1711042821 0,000000 26,600000 20,000000 20,000000 -20,200000
668 1711042822 0,000000 26,600000 20,000000 20,000000 -20,200000
668 1711042823 0,000000 26,600000 20,000000 20,000000 -20,200000
668 1711042824 0,000000 26,600000 20,000000 20,000000 -20,200000
668 1711042825 0,000000 26,600000 20,000000 20,000000 -20,200000
668 1711042826 0,000000 26,600000 20,000000 20,000000 -20,200000
668 1711042827 0,000000 26,600000 20,000000 20,000000 -20,200000
668 1711042828 0,000000 26,600000 20,000000 20,000000 -20,200000
668 1711042829 0,000000 26,800000 20,000000 20,000000 -20,200000
668 1711042830 0,000000 26,800000 20,000000 20,000000 -20,200000
668 1711042831 0,000000 26,800000 20,000000 20,000000 -20,200000
668 1711042832 0,000000 26,800000 20,000000 20,000000 -20,200000
668 1711042833 0,000000 26,800000 20,000000 20,000000 -20,200000
668 1711042834 0,000000 27,200000 20,000000 20,000000 -20,200000
668 1711042835 0,000000 27,200000 20,000000 20,000000 -20,200000
668 1711042836 0,000000 27,200000 20,000000 20,000000 -20,200000
668 1711042837 0,000000 27,200000 20,000000 20,000000 -20,200000
668 1711042838 0,000000 27,200000 20,000000 20,000000 -20,200000
668 1711042839 0,000000 27,400000 20,000000 20,000000 -20,200000
668 1711042840 0,000000 27,400000 20,000000 20,000000 -20,200000
668 1711042841 0,000000 27,400000 20,000000 20,000000 -20,200000
668 1711042842 0,000000 27,400000 20,000000 20,000000 -20,200000
668 1711042843 0,000000 27,400000 20,000000 20,000000 -20,200000
668 1711042844 0,000000 27,400000 20,000000 20,000000 -20,200000
668 1711042845 0,000000 27,400000 20,000000 20,000000 -20,200000
668 1711042846 0,000000 27,400000 20,000000 20,000000 -20,200000
668 1711042847 0,000000 27,400000 20,000000 20,000000 -20,200000
668 1711042848 0,000000 27,400000 20,000000 20,000000 -20,200000
668 1711042849 0,000000 27,600000 20,000000 20,000000 -20,200000
668 1711042850 0,000000 27,600000 20,000000 20,000000 -20,200000
668 1711042851 0,000000 27,600000 20,000000 20,000000 -20,200000
668 1711042852 0,000000 27,600000 20,000000 20,000000 -20,200000
668 1711042853 0,000000 27,600000 20,000000 20,000000 -20,200000
668 1711042854 0,000000 27,600000 20,000000 20,000000 -20,200000
668 1711042855 0,000000 27,600000 20,000000 20,000000 -20,200000
668 1711042856 0,000000 27,600000 20,000000 20,000000 -20,200000
668 1711042857 0,000000 27,600000 20,000000 20,000000 -20,200000
668 1711042858 0,000000 27,600000 20,000000 20,000000 -20,200000
668 1711042859 0,000000 27,800000 20,000000 20,000000 -20,200000
668 1711042860 0,000000 27,800000 20,000000 20,000000 -20,200000
668 1711042861 0,000000 27,800000 20,000000 20,000000 -20,200000
668 1711042862 0,000000 27,800000 20,000000 20,000000 -20,200000
668 1711042863 0,000000 27,800000 20,000000 20,000000 -20,200000
668 1711042864 0,000000 27,800000 20,000000 20,000000 -20,200000
668 1711042865 0,000000 27,800000 20,000000 20,000000 -20,200000
668 1711042866 0,000000 27,800000 20,000000 20,000000 -20,200000
668 1711042867 0,000000 27,800000 20,000000 20,000000 -20,200000
668 1711042868 0,000000 27,800000 20,000000 20,000000 -20,200000
668 1711042869 0,000000 28,000000 20,000000 20,000000 -20,200000
668 1711042870 0,000000 28,000000 20,000000 20,000000 -20,200000
668 1711042871 0,000000 28,000000 20,000000 20,000000 -20,200000
668 1711042872 0,000000 28,000000 20,000000 20,000000 -20,200000
668 1711042873 0,000000 28,000000 20,000000 20,000000 -20,200000
668 1711042874 0,000000 28,400000 20,000000 20,000000 -20,200000
668 1711042875 0,000000 28,400000 20,000000 20,000000 -20,200000
668 1711042876 0,000000 28,400000 20,000000 20,000000 -20,200000
668 1711042877 0,000000 28,400000 20,000000 20,000000 -20,200000
668 1711042878 0,000000 28,400000 20,000000 20,000000 -20,200000
668 1711042879 0,000000 28,800000 20,000000 20,000000 -20,200000
668 1711042880 0,000000 28,800000 20,000000 20,000000 -20,200000
668 1711042881 0,000000 28,800000 20,000000 20,000000 -20,200000
668 1711042882 0,000000 28,800000 20,000000 20,000000 -20,200000
668 1711042883 0,000000 28,800000 20,000000 20,000000 -20,200000
668 1711042884 0,000000 29,000000 20,000000 20,000000 -20,200000
668 1711042885 0,000000 29,000000 20,000000 20,000000 -20,200000
668 1711042886 0,000000 29,000000 20,000000 20,000000 -20,200000
668 1711042887 0,000000 29,000000 20,000000 20,000000 -20,200000
668 1711042888 0,000000 29,000000 20,000000 20,000000 -20,200000
668 1711042889 0,000000 29,000000 20,000000 20,000000 -20,200000
668 1711042890 0,000000 29,000000 20,000000 20,000000 -20,200000
668 1711042891 0,000000 29,000000 20,000000 20,000000 -20,200000
668 1711042892 0,000000 29,000000 20,000000 20,000000 -20,200000
668 1711042893 0,000000 29,000000 20,000000 20,000000 -20,200000
668 1711042894 0,000000 29,200000 20,000000 20,000000 -20,200000
668 1711042895 0,000000 29,200000 20,000000 20,000000 -20,200000
668 1711042896 0,000000 29,200000 20,000000 20,000000 -20,200000
668 1711042897 0,000000 29,200000 20,000000 20,000000 -20,200000
668 1711042898 0,000000 29,200000 20,000000 20,000000 -20,200000
668 1711042899 0,000000 29,200000 20,000000 20,000000 -20,200000
668 1711042900 0,000000 29,200000 20,000000 20,000000 -20,200000
668 1711042901 0,000000 29,200000 20,000000 20,000000 -20,200000
668 1711042902 0,000000 29,200000 20,000000 20,000000 -20,200000
668 1711042903 0,000000 29,200000 20,000000 20,000000 -20,200000
668 1711042904 0,000000 29,400000 20,000000 20,000000 -20,200000
668 1711042905 0,000000 29,400000 20,000000 20,000000 -20,200000
668 1711042906 0,000000 29,400000 20,000000 20,000000 -20,200000
668 1711042907 0,000000 29,400000 20,000000 20,000000 -20,200000
668 1711042908 0,000000 29,400000 20,000000 20,000000 -20,200000
668 1711042909 0,000000 29,400000 20,000000 20,000000 -20,200000
668 1711042910 0,000000 29,400000 20,000000 20,000000 -20,200000
668 1711042911 0,000000 29,400000 20,000000 20,000000 -20,200000
668 1711042912 0,000000 29,400000 20,000000 20,000000 -20,200000
668 1711042913 0,000000 29,400000 20,000000 20,000000 -20,200000
668 1711042914 0,000000 29,600000 20,000000 20,000000 -20,200000
668 1711042915 0,000000 29,600000 20,000000 20,000000 -20,200000
668 1711042916 0,000000 29,600000 20,000000 20,000000 -20,200000
668 1711042917 0,000000 29,600000 20,000000 20,000000 -20,200000
668 1711042918 0,000000 29,600000 20,000000 20,000000 -20,200000
668 1711042919 0,000000 29,600000 20,000000 20,000000 -20,200000
668 1711042920 0,000000 29,600000 20,000000 20,000000 -20,200000
668 1711042921 0,000000 29,600000 20,000000 20,000000 -20,200000
668 1711042922 0,000000 29,600000 20,000000 20,000000 -20,200000
668 1711042923 0,000000 29,600000 20,000000 20,000000 -20,200000
668 1711042924 0,000000 30,000000 20,000000 20,000000 -20,200000
668 1711042925 0,000000 30,000000 20,000000 20,000000 -20,200000
668 1711042926 0,000000 30,000000 20,000000 20,000000 -20,200000
668 1711042927 0,000000 30,000000 20,000000 20,000000 -20,200000
668 1711042928 0,000000 30,000000 20,000000 20,000000 -20,200000
668 1711042929 0,000000 30,000000 20,000000 20,000000 -20,200000
668 1711042930 0,000000 30,000000 20,000000 20,000000 -20,200000
668 1711042931 0,000000 30,000000 20,000000 20,000000 -20,200000
668 1711042932 0,000000 30,000000 20,000000 20,000000 -20,200000
668 1711042933 0,000000 30,000000 20,000000 20,000000 -20,200000
668 1711042934 0,000000 30,000000 20,000000 20,000000 -20,200000
668 1711042935 0,000000 30,000000 20,000000 20,000000 -20,200000
668 1711042936 0,000000 30,000000 20,000000 20,000000 -20,200000
668 1711042937 0,000000 30,000000 20,000000 20,000000 -20,200000
668 1711042938 0,000000 30,000000 20,000000 20,000000 -20,200000
668 1711042939 0,000000 30,200000 20,000000 20,000000 -20,200000
668 1711042940 0,000000 30,200000 20,000000 20,000000 -20,200000
668 1711042941 0,000000 30,200000 20,000000 20,000000 -20,200000
668 1711042942 0,000000 30,200000 20,000000 20,000000 -20,200000
668 1711042943 0,000000 30,200000 20,000000 20,000000 -20,200000
668 1711042944 0,000000 30,200000 20,000000 20,000000 -20,200000
668 1711042945 0,000000 30,200000 20,000000 20,000000 -20,200000
668 1711042946 0,000000 30,200000 20,000000 20,000000 -20,200000
668 1711042947 0,000000 30,200000 20,000000 20,000000 -20,200000
668 1711042948 0,000000 30,200000 20,000000 20,000000 -20,200000
668 1711042949 0,000000 30,800000 20,000000 20,000000 -20,200000
668 1711042950 0,000000 30,800000 20,000000 20,000000 -20,200000
668 1711042951 0,000000 30,800000 20,000000 20,000000 -20,200000
668 1711042952 0,000000 30,800000 20,000000 20,000000 -20,200000
668 1711042953 0,000000 30,800000 20,000000 20,000000 -20,200000
668 1711042954 0,000000 30,800000 20,000000 20,000000 -20,200000
668 1711042955 0,000000 30,800000 20,000000 20,000000 -20,200000
668 1711042956 0,000000 30,800000 20,000000 20,000000 -20,200000
668 1711042957 0,000000 30,800000 20,000000 20,000000 -20,200000
668 1711042958 0,000000 30,800000 20,000000 20,000000 -20,200000
668 1711042959 0,000000 30,800000 20,000000 20,000000 -20,200000
668 1711042960 0,000000 30,800000 20,000000 20,000000 -20,200000
668 1711042961 0,000000 30,800000 20,000000 20,000000 -20,200000
668 1711042962 0,000000 30,800000 20,000000 20,000000 -20,200000
668 1711042963 0,000000 30,800000 20,000000 20,000000 -20,200000
668 1711042964 0,000000 31,000000 20,000000 20,000000 -20,200000
668 1711042965 0,000000 31,000000 20,000000 20,000000 -20,200000
668 1711042966 0,000000 31,000000 20,000000 20,000000 -20,200000
668 1711042967 0,000000 31,000000 20,000000 20,000000 -20,200000
668 1711042968 0,000000 31,000000 20,000000 20,000000 -20,200000
668 1711042969 0,000000 31,200000 20,000000 20,000000 -20,200000
668 1711042970 0,000000 31,200000 20,000000 20,000000 -20,200000
668 1711042971 0,000000 31,200000 20,000000 20,000000 -20,200000
668 1711042972 0,000000 31,200000 20,000000 20,000000 -20,200000
668 1711042973 0,000000 31,200000 20,000000 20,000000 -20,200000
668 1711042974 0,000000 31,400000 20,000000 20,000000 -20,200000
668 1711042975 0,000000 31,400000 20,000000 20,000000 -20,200000
668 1711042976 0,000000 31,400000 20,000000 20,000000 -20,200000
668 1711042977 0,000000 31,400000 20,000000 20,000000 -20,200000
668 1711042978 0,000000 31,400000 20,000000 20,000000 -20,200000
668 1711042979 0,000000 31,400000 20,000000 20,000000 -20,200000
668 1711042980 0,000000 31,400000 20,000000 20,000000 -20,200000
668 1711042981 0,000000 31,400000 20,000000 20,000000 -20,200000
668 1711042982 0,000000 31,400000 20,000000 20,000000 -20,200000
668 1711042983 0,000000 31,400000 20,000000 20,000000 -20,200000
668 1711042984 0,000000 32,000000 20,000000 20,000000 -20,200000
668 1711042985 0,000000 32,000000 20,000000 20,000000 -20,200000
668 1711042986 0,000000 32,000000 20,000000 20,000000 -20,200000
668 1711042987 0,000000 32,000000 20,000000 20,000000 -20,200000
668 1711042988 0,000000 32,000000 20,000000 20,000000 -20,200000
668 1711042989 0,000000 32,000000 20,000000 20,000000 -20,200000
668 1711042990 0,000000 32,000000 20,000000 20,000000 -20,200000
668 1711042991 0,000000 32,000000 20,000000 20,000000 -20,200000
668 1711042992 0,000000 32,000000 20,000000 20,000000 -20,200000
668 1711042993 0,000000 32,000000 20,000000 20,000000 -20,200000
668 1711042994 0,000000 32,400000 20,000000 20,000000 -20,200000
668 1711042995 0,000000 32,400000 20,000000 20,000000 -20,200000
668 1711042996 0,000000 32,400000 20,000000 20,000000 -20,200000
668 1711042997 0,000000 32,400000 20,000000 20,000000 -20,200000
668 1711042998 0,000000 32,400000 20,000000 20,000000 -20,200000
668 1711042999 0,000000 32,400000 20,000000 20,000000 -20,200000
668 1711043000 0,000000 32,400000 20,000000 20,000000 -20,200000
668 1711043001 0,000000 32,400000 20,000000 20,000000 -20,200000
668 1711043002 0,000000 32,400000 20,000000 20,000000 -20,200000
668 1711043003 0,000000 32,400000 20,000000 20,000000 -20,200000
668 1711043004 0,000000 32,400000 20,000000 20,000000 -20,200000
668 1711043005 0,000000 32,400000 20,000000 20,000000 -20,200000
668 1711043006 0,000000 32,400000 20,000000 20,000000 -20,200000
668 1711043007 0,000000 32,400000 20,000000 20,000000 -20,200000
668 1711043008 0,000000 32,400000 20,000000 20,000000 -20,200000
668 1711043009 0,000000 32,400000 20,000000 20,000000 -20,200000
668 1711043010 0,000000 32,400000 20,000000 20,000000 -20,200000
668 1711043011 0,000000 32,400000 20,000000 20,000000 -20,200000
668 1711043012 0,000000 32,400000 20,000000 20,000000 -20,200000
668 1711043013 0,000000 32,400000 20,000000 20,000000 -20,200000
668 1711043014 0,000000 32,600000 20,000000 20,000000 -20,200000
668 1711043015 0,000000 32,600000 20,000000 20,000000 -20,200000
668 1711043016 0,000000 32,600000 20,000000 20,000000 -20,200000
668 1711043017 0,000000 32,600000 20,000000 20,000000 -20,200000
668 1711043018 0,000000 32,600000 20,000000 20,000000 -20,200000
668 1711043019 0,000000 32,600000 20,000000 20,000000 -20,200000
668 1711043020 0,000000 32,600000 20,000000 20,000000 -20,200000
668 1711043021 0,000000 32,600000 20,000000 20,000000 -20,200000
668 1711043022 0,000000 32,600000 20,000000 20,000000 -20,200000
668 1711043023 0,000000 32,600000 20,000000 20,000000 -20,200000
668 1711043024 0,000000 32,800000 20,000000 20,000000 -20,200000
668 1711043025 0,000000 32,800000 20,000000 20,000000 -20,200000
668 1711043026 0,000000 32,800000 20,000000 20,000000 -20,200000
668 1711043027 0,000000 32,800000 20,000000 20,000000 -20,200000
668 1711043028 0,000000 32,800000 20,000000 20,000000 -20,200000
668 1711043029 0,000000 33,200000 20,000000 20,000000 -20,200000
668 1711043030 0,000000 33,200000 20,000000 20,000000 -20,200000
668 1711043031 0,000000 33,200000 20,000000 20,000000 -20,200000
668 1711043032 0,000000 33,200000 20,000000 20,000000 -20,200000
668 1711043033 0,000000 33,200000 20,000000 20,000000 -20,200000
668 1711043034 0,000000 33,200000 20,000000 20,000000 -20,200000
668 1711043035 0,000000 33,200000 20,000000 20,000000 -20,200000
668 1711043036 0,000000 33,200000 20,000000 20,000000 -20,200000
668 1711043037 0,000000 33,200000 20,000000 20,000000 -20,200000
668 1711043038 0,000000 33,200000 20,000000 20,000000 -20,200000
668 1711043039 0,000000 33,400000 20,000000 20,000000 -20,200000
668 1711043040 0,000000 33,400000 20,000000 20,000000 -20,200000
668 1711043041 0,000000 33,400000 20,000000 20,000000 -20,200000
668 1711043042 0,000000 33,400000 20,000000 20,000000 -20,200000
668 1711043043 0,000000 33,400000 20,000000 20,000000 -20,200000
668 1711043044 0,000000 33,400000 20,000000 20,000000 -20,200000
668 1711043045 0,000000 33,400000 20,000000 20,000000 -20,200000
668 1711043046 0,000000 33,400000 20,000000 20,000000 -20,200000
668 1711043047 0,000000 33,400000 20,000000 20,000000 -20,200000
668 1711043048 0,000000 33,400000 20,000000 20,000000 -20,200000
668 1711043049 0,000000 33,400000 20,000000 20,000000 -20,200000
668 1711043050 0,000000 33,400000 20,000000 20,000000 -20,200000
668 1711043051 0,000000 33,400000 20,000000 20,000000 -20,200000
668 1711043052 0,000000 33,400000 20,000000 20,000000 -20,200000
668 1711043053 0,000000 33,400000 20,000000 20,000000 -20,200000
668 1711043054 0,000000 33,600000 20,000000 20,000000 -20,200000
668 1711043055 0,000000 33,600000 20,000000 20,000000 -20,200000
668 1711043056 0,000000 33,600000 20,000000 20,000000 -20,200000
668 1711043057 0,000000 33,600000 20,000000 20,000000 -20,200000
668 1711043058 0,000000 33,600000 20,000000 20,000000 -20,200000
668 1711043059 0,000000 34,000000 20,000000 20,000000 -20,200000
668 1711043060 0,000000 34,000000 20,000000 20,000000 -20,200000
668 1711043061 0,000000 34,000000 20,000000 20,000000 -20,200000
668 1711043062 0,000000 34,000000 20,000000 20,000000 -20,200000
668 1711043063 0,000000 34,000000 20,000000 20,000000 -20,200000
668 1711043064 0,000000 34,000000 20,000000 20,000000 -20,200000
668 1711043065 0,000000 34,000000 20,000000 20,000000 -20,200000
668 1711043066 0,000000 34,000000 20,000000 20,000000 -20,200000
668 1711043067 0,000000 34,000000 20,000000 20,000000 -20,200000
668 1711043068 0,000000 34,000000 20,000000 20,000000 -20,200000
668 1711043069 0,000000 34,200000 20,000000 20,000000 -20,200000
668 1711043070 0,000000 34,200000 20,000000 20,000000 -20,200000
668 1711043071 0,000000 34,200000 20,000000 20,000000 -20,200000
668 1711043072 0,000000 34,200000 20,000000 20,000000 -20,200000
668 1711043073 0,000000 34,200000 20,000000 20,000000 -20,200000
668 1711043074 0,000000 34,600000 20,000000 20,000000 -20,200000
668 1711043075 0,000000 34,600000 20,000000 20,000000 -20,200000
668 1711043076 0,000000 34,600000 20,000000 20,000000 -20,200000
668 1711043077 0,000000 34,600000 20,000000 20,000000 -20,200000
668 1711043078 0,000000 34,600000 20,000000 20,000000 -20,200000
668 1711043079 0,000000 34,600000 20,000000 20,000000 -20,200000
668 1711043080 0,000000 34,600000 20,000000 20,000000 -20,200000
668 1711043081 0,000000 34,600000 20,000000 20,000000 -20,200000
668 1711043082 0,000000 34,600000 20,000000 20,000000 -20,200000
668 1711043083 0,000000 34,600000 20,000000 20,000000 -20,200000
668 1711043084 0,000000 35,000000 20,000000 20,000000 -20,200000
668 1711043085 0,000000 35,000000 20,000000 20,000000 -20,200000
668 1711043086 0,000000 35,000000 20,000000 20,000000 -20,200000
668 1711043087 0,000000 35,000000 20,000000 20,000000 -20,200000
668 1711043088 0,000000 35,000000 20,000000 20,000000 -20,200000
668 1711043089 0,000000 35,000000 20,000000 20,000000 -20,200000
668 1711043090 0,000000 35,000000 20,000000 20,000000 -20,200000
668 1711043091 0,000000 35,000000 20,000000 20,000000 -20,200000
668 1711043092 0,000000 35,000000 20,000000 20,000000 -20,200000
668 1711043093 0,000000 35,000000 20,000000 20,000000 -20,200000
668 1711043094 0,000000 35,200000 20,000000 20,000000 -20,200000
668 1711043095 0,000000 35,200000 20,000000 20,000000 -20,200000
668 1711043096 0,000000 35,200000 20,000000 20,000000 -20,200000
668 1711043097 0,000000 35,200000 20,000000 20,000000 -20,200000
668 1711043098 0,000000 35,200000 20,000000 20,000000 -20,200000
668 1711043099 0,000000 35,200000 20,000000 20,000000 -20,200000
668 1711043100 0,000000 35,200000 20,000000 20,000000 -20,200000
668 1711043101 0,000000 35,200000 20,000000 20,000000 -20,200000
668 1711043102 0,000000 35,200000 20,000000 20,000000 -20,200000
668 1711043103 0,000000 35,200000 20,000000 20,000000 -20,200000
668 1711043104 0,000000 35,400000 20,000000 20,000000 -20,200000
668 1711043105 0,000000 35,400000 20,000000 20,000000 -20,200000
668 1711043106 0,000000 35,400000 20,000000 20,000000 -20,200000
668 1711043107 0,000000 35,400000 20,000000 20,000000 -20,200000
668 1711043108 0,000000 35,400000 20,000000 20,000000 -20,200000
668 1711043109 0,000000 35,600000 20,000000 20,000000 -20,200000
668 1711043110 0,000000 35,600000 20,000000 20,000000 -20,200000
668 1711043111 0,000000 35,600000 20,000000 20,000000 -20,200000
668 1711043112 0,000000 35,600000 20,000000 20,000000 -20,200000
668 1711043113 0,000000 35,600000 20,000000 20,000000 -20,200000
668 1711043114 0,000000 35,600000 20,000000 20,000000 -20,200000
668 1711043115 0,000000 35,600000 20,000000 20,000000 -20,200000
668 1711043116 0,000000 35,600000 20,000000 20,000000 -20,200000
668 1711043117 0,000000 35,600000 20,000000 20,000000 -20,200000
668 1711043118 0,000000 35,600000 20,000000 20,000000 -20,200000
668 1711043119 0,000000 36,000000 20,000000 20,000000 -20,200000
668 1711043120 0,000000 36,000000 20,000000 20,000000 -20,200000
668 1711043121 0,000000 36,000000 20,000000 20,000000 -20,200000
668 1711043122 0,000000 36,000000 20,000000 20,000000 -20,200000
668 1711043123 0,000000 36,000000 20,000000 20,000000 -20,200000
668 1711043124 0,000000 36,000000 20,000000 20,000000 -20,200000
668 1711043125 0,000000 36,000000 20,000000 20,000000 -20,200000
668 1711043126 0,000000 36,000000 20,000000 20,000000 -20,200000
668 1711043127 0,000000 36,000000 20,000000 20,000000 -20,200000
668 1711043128 0,000000 36,000000 20,000000 20,000000 -20,200000
668 1711043129 0,000000 36,200000 20,000000 20,000000 -20,200000
668 1711043130 0,000000 36,200000 20,000000 20,000000 -20,200000
668 1711043131 0,000000 36,200000 20,000000 20,000000 -20,200000
668 1711043132 0,000000 36,200000 20,000000 20,000000 -20,200000
668 1711043133 0,000000 36,200000 20,000000 20,000000 -20,200000
668 1711043134 0,000000 36,200000 20,000000 20,000000 -20,200000
668 1711043135 0,000000 36,200000 20,000000 20,000000 -20,200000
668 1711043136 0,000000 36,200000 20,000000 20,000000 -20,200000
668 1711043137 0,000000 36,200000 20,000000 20,000000 -20,200000
668 1711043138 0,000000 36,200000 20,000000 20,000000 -20,200000
668 1711043139 0,000000 36,200000 20,000000 20,000000 -20,200000
668 1711043140 0,000000 36,200000 20,000000 20,000000 -20,200000
668 1711043141 0,000000 36,200000 20,000000 20,000000 -20,200000
668 1711043142 0,000000 36,200000 20,000000 20,000000 -20,200000
668 1711043143 0,000000 36,200000 20,000000 20,000000 -20,200000
668 1711043144 0,000000 36,400000 20,000000 20,000000 -20,200000
668 1711043145 0,000000 36,400000 20,000000 20,000000 -20,200000
668 1711043146 0,000000 36,400000 20,000000 20,000000 -20,200000
668 1711043147 0,000000 36,400000 20,000000 20,000000 -20,200000
668 1711043148 0,000000 36,400000 20,000000 20,000000 -20,200000
668 1711043149 0,000000 36,600000 20,000000 20,000000 -20,200000
668 1711043150 0,000000 36,600000 20,000000 20,000000 -20,200000
668 1711043151 0,000000 36,600000 20,000000 20,000000 -20,200000
668 1711043152 0,000000 36,600000 20,000000 20,000000 -20,200000
668 1711043153 0,000000 36,600000 20,000000 20,000000 -20,200000
668 1711043154 0,000000 36,800000 20,000000 20,000000 -20,200000
668 1711043155 0,000000 36,800000 20,000000 20,000000 -20,200000
668 1711043156 0,000000 36,800000 20,000000 20,000000 -20,200000
668 1711043157 0,000000 36,800000 20,000000 20,000000 -20,200000
668 1711043158 0,000000 36,800000 20,000000 20,000000 -20,200000
668 1711043159 0,000000 36,800000 20,000000 20,000000 -20,200000
668 1711043160 0,000000 36,800000 20,000000 20,000000 -20,200000
668 1711043161 0,000000 36,800000 20,000000 20,000000 -20,200000
668 1711043162 0,000000 36,800000 20,000000 20,000000 -20,200000
668 1711043163 0,000000 36,800000 20,000000 20,000000 -20,200000
668 1711043164 0,000000 37,200000 20,000000 20,000000 -20,200000
668 1711043165 0,000000 37,200000 20,000000 20,000000 -20,200000
668 1711043166 0,000000 37,200000 20,000000 20,000000 -20,200000
668 1711043167 0,000000 37,200000 20,000000 20,000000 -20,200000
668 1711043168 0,000000 37,200000 20,000000 20,000000 -20,200000
668 1711043169 0,000000 37,400000 20,000000 20,000000 -20,200000
668 1711043170 0,000000 37,400000 20,000000 20,000000 -20,200000
668 1711043171 0,000000 37,400000 20,000000 20,000000 -20,200000
668 1711043172 0,000000 37,400000 20,000000 20,000000 -20,200000
668 1711043173 0,000000 37,400000 20,000000 20,000000 -20,200000
668 1711043174 0,000000 37,600000 20,000000 20,000000 -20,200000
668 1711043175 0,000000 37,600000 20,000000 20,000000 -20,200000
668 1711043176 0,000000 37,600000 20,000000 20,000000 -20,200000
668 1711043177 0,000000 37,600000 20,000000 20,000000 -20,200000
668 1711043178 0,000000 37,600000 20,000000 20,000000 -20,200000
668 1711043179 0,000000 37,600000 20,000000 20,000000 -20,200000
668 1711043180 0,000000 37,600000 20,000000 20,000000 -20,200000
668 1711043181 0,000000 37,600000 20,000000 20,000000 -20,200000
668 1711043182 0,000000 37,600000 20,000000 20,000000 -20,200000
668 1711043183 0,000000 37,600000 20,000000 20,000000 -20,200000
668 1711043184 0,000000 37,800000 20,000000 20,000000 -20,200000
668 1711043185 0,000000 37,800000 20,000000 20,000000 -20,200000
668 1711043186 0,000000 37,800000 20,000000 20,000000 -20,200000
668 1711043187 0,000000 37,800000 20,000000 20,000000 -20,200000
668 1711043188 0,000000 37,800000 20,000000 20,000000 -20,200000
668 1711043189 0,000000 38,000000 20,000000 20,000000 -20,200000
668 1711043190 0,000000 38,000000 20,000000 20,000000 -20,200000
668 1711043191 0,000000 38,000000 20,000000 20,000000 -20,200000
668 1711043192 0,000000 38,000000 20,000000 20,000000 -20,200000
668 1711043193 0,000000 38,000000 20,000000 20,000000 -20,200000
668 1711043194 0,000000 38,200000 20,000000 20,000000 -20,200000
668 1711043195 0,000000 38,200000 20,000000 20,000000 -20,200000
668 1711043196 0,000000 38,200000 20,000000 20,000000 -20,200000
668 1711043197 0,000000 38,200000 20,000000 20,000000 -20,200000
668 1711043198 0,000000 38,200000 20,000000 20,000000 -20,200000
668 1711043199 0,000000 38,200000 20,000000 20,000000 -20,200000
668 1711043200 0,000000 38,200000 20,000000 20,000000 -20,200000
668 1711043201 0,000000 38,200000 20,000000 20,000000 -20,200000
668 1711043202 0,000000 38,200000 20,000000 20,000000 -20,200000
668 1711043203 0,000000 38,200000 20,000000 20,000000 -20,200000
668 1711043204 0,000000 38,400000 20,000000 20,000000 -20,200000
668 1711043205 0,000000 38,400000 20,000000 20,000000 -20,200000
668 1711043206 0,000000 38,400000 20,000000 20,000000 -20,200000
668 1711043207 0,000000 38,400000 20,000000 20,000000 -20,200000
668 1711043208 0,000000 38,400000 20,000000 20,000000 -20,200000
668 1711043209 0,000000 38,600000 20,000000 20,000000 -20,200000
668 1711043210 0,000000 38,600000 20,000000 20,000000 -20,200000
668 1711043211 0,000000 38,600000 20,000000 20,000000 -20,200000
668 1711043212 0,000000 38,600000 20,000000 20,000000 -20,200000
668 1711043213 0,000000 38,600000 20,000000 20,000000 -20,200000
668 1711043214 0,000000 38,800000 20,000000 20,000000 -20,200000
668 1711043215 0,000000 38,800000 20,000000 20,000000 -20,200000
668 1711043216 0,000000 38,800000 20,000000 20,000000 -20,200000
668 1711043217 0,000000 38,800000 20,000000 20,000000 -20,200000
668 1711043218 0,000000 38,800000 20,000000 20,000000 -20,200000
668 1711043219 0,000000 39,000000 20,000000 20,000000 -20,200000
668 1711043220 0,000000 39,000000 20,000000 20,000000 -20,200000
668 1711043221 0,000000 39,000000 20,000000 20,000000 -20,200000
668 1711043222 0,000000 39,000000 20,000000 20,000000 -20,200000
668 1711043223 0,000000 39,000000 20,000000 20,000000 -20,200000
668 1711043224 0,000000 39,000000 20,000000 20,000000 -20,200000
668 1711043225 0,000000 39,000000 20,000000 20,000000 -20,200000
668 1711043226 0,000000 39,000000 20,000000 20,000000 -20,200000
668 1711043227 0,000000 39,000000 20,000000 20,000000 -20,200000
668 1711043228 0,000000 39,000000 20,000000 20,000000 -20,200000
668 1711043229 0,000000 39,000000 20,000000 20,000000 -20,200000
668 1711043230 0,000000 39,000000 20,000000 20,000000 -20,200000
668 1711043231 0,000000 39,000000 20,000000 20,000000 -20,200000
668 1711043232 0,000000 39,000000 20,000000 20,000000 -20,200000
668 1711043233 0,000000 39,000000 20,000000 20,000000 -20,200000
668 1711043234 0,000000 39,400000 20,000000 20,000000 -20,200000
668 1711043235 0,000000 39,400000 20,000000 20,000000 -20,200000
668 1711043236 0,000000 39,400000 20,000000 20,000000 -20,200000
668 1711043237 0,000000 39,400000 20,000000 20,000000 -20,200000
668 1711043238 0,000000 39,400000 20,000000 20,000000 -20,200000
668 1711043239 0,000000 39,600000 20,000000 20,000000 -20,200000
668 1711043240 0,000000 39,600000 20,000000 20,000000 -20,200000
668 1711043241 0,000000 39,600000 20,000000 20,000000 -20,200000
668 1711043242 0,000000 39,600000 20,000000 20,000000 -20,200000
668 1711043243 0,000000 39,600000 20,000000 20,000000 -20,200000
668 1711043244 0,000000 39,600000 20,000000 20,000000 -20,200000
668 1711043245 0,000000 39,600000 20,000000 20,000000 -20,200000
668 1711043246 0,000000 39,600000 20,000000 20,000000 -20,200000
668 1711043247 0,000000 39,600000 20,000000 20,000000 -20,200000
668 1711043248 0,000000 39,600000 20,000000 20,000000 -20,200000
668 1711043249 0,000000 39,600000 20,000000 20,000000 -20,200000
668 1711043250 0,000000 39,600000 20,000000 20,000000 -20,200000
668 1711043251 0,000000 39,600000 20,000000 20,000000 -20,200000
668 1711043252 0,000000 39,600000 20,000000 20,000000 -20,200000
668 1711043253 0,000000 39,600000 20,000000 20,000000 -20,200000
668 1711043254 0,000000 39,800000 20,000000 20,000000 -20,200000
668 1711043255 0,000000 39,800000 20,000000 20,000000 -20,200000
668 1711043256 0,000000 39,800000 20,000000 20,000000 -20,200000
668 1711043257 0,000000 39,800000 20,000000 20,000000 -20,200000
668 1711043258 0,000000 39,800000 20,000000 20,000000 -20,200000
668 1711043259 0,000000 39,800000 20,000000 20,000000 -20,200000
668 1711043260 0,000000 39,800000 20,000000 20,000000 -20,200000
668 1711043261 0,000000 39,800000 20,000000 20,000000 -20,200000
668 1711043262 0,000000 39,800000 20,000000 20,000000 -20,200000
668 1711043263 0,000000 39,800000 20,000000 20,000000 -20,200000
668 1711043264 0,000000 40,200000 20,000000 20,000000 -20,200000
668 1711043265 0,000000 40,200000 20,000000 20,000000 -20,200000
668 1711043266 0,000000 40,200000 20,000000 20,000000 -20,200000
668 1711043267 0,000000 40,200000 20,000000 20,000000 -20,200000
668 1711043268 0,000000 40,200000 20,000000 20,000000 -20,200000
668 1711043269 0,000000 40,400000 20,000000 20,000000 -20,200000
668 1711043270 0,000000 40,400000 20,000000 20,000000 -20,200000
668 1711043271 0,000000 40,400000 20,000000 20,000000 -20,200000
668 1711043272 0,000000 40,400000 20,000000 20,000000 -20,200000
668 1711043273 0,000000 40,400000 20,000000 20,000000 -20,200000
668 1711043274 0,000000 40,400000 20,000000 20,000000 -20,200000
668 1711043275 0,000000 40,400000 20,000000 20,000000 -20,200000
668 1711043276 0,000000 40,400000 20,000000 20,000000 -20,200000
668 1711043277 0,000000 40,400000 20,000000 20,000000 -20,200000
668 1711043278 0,000000 40,400000 20,000000 20,000000 -20,200000
668 1711043279 0,000000 40,600000 20,000000 20,000000 -20,200000
668 1711043280 0,000000 40,600000 20,000000 20,000000 -20,200000
668 1711043281 0,000000 40,600000 20,000000 20,000000 -20,200000
668 1711043282 0,000000 40,600000 20,000000 20,000000 -20,200000
668 1711043283 0,000000 40,600000 20,000000 20,000000 -20,200000
668 1711043284 0,000000 41,000000 20,000000 20,000000 -20,200000
668 1711043285 0,000000 41,000000 20,000000 20,000000 -20,200000
668 1711043286 0,000000 41,000000 20,000000 20,000000 -20,200000
668 1711043287 0,000000 41,000000 20,000000 20,000000 -20,200000
668 1711043288 0,000000 41,000000 20,000000 20,000000 -20,200000
668 1711043289 0,000000 41,000000 20,000000 20,000000 -20,200000
668 1711043290 0,000000 41,000000 20,000000 20,000000 -20,200000
668 1711043291 0,000000 41,000000 20,000000 20,000000 -20,200000
668 1711043292 0,000000 41,000000 20,000000 20,000000 -20,200000
668 1711043293 0,000000 41,000000 20,000000 20,000000 -20,200000
668 1711043294 0,000000 41,000000 20,000000 20,000000 -20,200000
668 1711043295 0,000000 41,000000 20,000000 20,000000 -20,200000
668 1711043296 0,000000 41,000000 20,000000 20,000000 -20,200000
668 1711043297 0,000000 41,000000 20,000000 20,000000 -20,200000
668 1711043298 0,000000 41,000000 20,000000 20,000000 -20,200000
668 1711043299 0,000000 41,200000 20,000000 20,000000 -20,200000
668 1711043300 0,000000 41,200000 20,000000 20,000000 -20,200000
668 1711043301 0,000000 41,200000 20,000000 20,000000 -20,200000
668 1711043302 0,000000 41,200000 20,000000 20,000000 -20,200000
668 1711043303 0,000000 41,200000 20,000000 20,000000 -20,200000
668 1711043304 0,000000 41,200000 20,000000 20,000000 -20,200000
668 1711043305 0,000000 41,200000 20,000000 20,000000 -20,200000
668 1711043306 0,000000 41,200000 20,000000 20,000000 -20,200000
668 1711043307 0,000000 41,200000 20,000000 20,000000 -20,200000
668 1711043308 0,000000 41,200000 20,000000 20,000000 -20,200000
668 1711043309 0,000000 41,600000 20,000000 20,000000 -20,200000
668 1711043310 0,000000 41,600000 20,000000 20,000000 -20,200000
668 1711043311 0,000000 41,600000 20,000000 20,000000 -20,200000
668 1711043312 0,000000 41,600000 20,000000 20,000000 -20,200000
668 1711043313 0,000000 41,600000 20,000000 20,000000 -20,200000
668 1711043314 0,000000 42,000000 20,000000 20,000000 -20,200000
668 1711043315 0,000000 42,000000 20,000000 20,000000 -20,200000
668 1711043316 0,000000 42,000000 20,000000 20,000000 -20,200000
668 1711043317 0,000000 42,000000 20,000000 20,000000 -20,200000
668 1711043318 0,000000 42,000000 20,000000 20,000000 -20,200000
668 1711043319 -0,009479 42,200000 19,600000 19,600000 -20,200000
